1.000	0.00	0.0
0.991	0.00	0.2
0.981	0.69	0.4
0.972	2.31	0.6
0.963	4.40	0.8
0.954	6.71	1.0
0.944	7.41	1.2
0.935	8.10	1.4
0.926	8.80	1.6
0.917	10.19	1.8
0.907	11.34	2.0
0.898	13.19	2.2
0.889	14.35	2.4
0.880	15.51	2.6
0.870	15.51	2.8
0.861	17.36	3.0
0.852	20.14	3.2
0.843	20.37	3.4
0.833	22.22	3.6
0.824	23.15	3.8
0.815	24.77	4.0
0.806	25.46	4.2
0.796	27.08	4.4
0.787	27.55	4.6
0.778	28.01	4.8
0.769	28.70	5.0
0.759	30.09	5.2
0.750	30.79	5.4
0.741	30.79	5.6
0.731	32.18	5.8
0.722	33.56	6.0
0.713	34.03	6.2
0.704	35.42	6.4
0.694	36.11	6.6
0.685	36.34	6.8
0.676	37.04	7.0
0.667	38.43	7.2
0.657	39.35	7.4
0.648	40.28	7.6
0.639	40.51	7.8
0.630	41.44	8.0
0.620	41.44	8.2
0.611	41.67	8.4
0.602	42.36	8.6
0.593	43.52	8.8
0.583	44.44	9.0
0.574	45.14	9.2
0.565	45.83	9.4
0.556	46.06	9.6
0.546	46.30	9.8
0.537	46.76	10.0
0.528	47.22	10.2
0.519	47.92	10.4
0.509	48.61	10.6
0.500	49.07	10.8
0.491	49.07	11.0
0.481	49.54	11.2
0.472	49.77	11.4
0.463	50.23	11.6
0.454	50.69	11.8
0.444	50.69	12.0
0.435	50.93	12.2
0.426	51.39	12.4
0.417	52.08	12.6
0.407	52.55	12.8
0.398	53.01	13.0
0.389	53.01	13.2
0.380	53.24	13.4
0.370	53.24	13.6
0.361	53.47	13.8
0.352	53.47	14.0
0.343	53.47	14.2
0.333	53.94	14.4
0.324	54.17	14.6
0.315	54.86	14.8
0.306	55.32	15.0
0.296	55.79	15.2
0.287	55.79	15.4
0.278	56.25	15.6
0.269	56.48	15.8
0.259	56.48	16.0
0.250	56.71	16.2
0.241	56.71	16.4
0.231	57.41	16.6
0.222	57.41	16.8
0.213	57.64	17.0
0.204	58.10	17.2
0.194	58.10	17.4
0.185	58.56	17.6
0.176	58.80	17.8
0.167	59.03	18.0
0.157	59.72	18.2
0.148	59.95	18.4
0.139	59.95	18.6
0.130	60.42	18.8
0.120	60.42	19.0
0.111	60.42	19.2
0.102	60.42	19.4
0.093	60.42	19.6
0.083	60.42	19.8
0.074	60.42	20.0
0.065	60.42	20.2
0.056	60.42	20.4
0.046	60.65	20.6
0.037	60.65	20.8
0.028	60.65	21.0
0.019	60.65	21.2
0.009	60.65	21.4
0.000	60.65	21.6
0.007	60.65	21.8
0.015	60.65	22.0
0.022	60.65	22.2
0.029	60.65	22.4
0.036	60.88	22.6
0.044	61.11	22.8
0.051	61.11	23.0
0.058	61.11	23.2
0.066	61.34	23.4
0.073	61.57	23.6
0.080	61.81	23.8
0.088	61.81	24.0
0.095	61.81	24.2
0.102	62.27	24.4
0.109	62.27	24.6
0.117	62.50	24.8
0.124	62.50	25.0
0.131	62.96	25.2
0.139	62.96	25.4
0.146	63.19	25.6
0.153	63.43	25.8
0.161	63.43	26.0
0.168	63.43	26.2
0.175	63.89	26.4
0.182	63.89	26.6
0.190	63.89	26.8
0.197	64.12	27.0
0.204	64.58	27.2
0.212	65.28	27.4
0.219	65.28	27.6
0.226	65.97	27.8
0.234	66.67	28.0
0.241	67.36	28.2
0.248	67.36	28.4
0.255	67.59	28.6
0.263	68.06	28.8
0.270	68.06	29.0
0.277	68.06	29.2
0.285	68.98	29.4
0.292	70.14	29.6
0.299	70.14	29.8
0.307	70.83	30.0
0.314	71.76	30.2
0.321	72.22	30.4
0.328	72.22	30.6
0.336	72.45	30.8
0.343	72.92	31.0
0.350	73.61	31.2
0.358	73.61	31.4
0.365	74.07	31.6
0.372	74.31	31.8
0.380	74.31	32.0
0.387	74.77	32.2
0.394	75.69	32.4
0.401	76.62	32.6
0.409	76.62	32.8
0.416	76.85	33.0
0.423	77.78	33.2
0.431	78.24	33.4
0.438	78.24	33.6
0.445	78.47	33.8
0.453	78.70	34.0
0.460	78.70	34.2
0.467	79.17	34.4
0.474	80.09	34.6
0.482	81.02	34.8
0.489	81.02	35.0
0.496	81.71	35.2
0.504	81.94	35.4
0.511	82.64	35.6
0.518	82.64	35.8
0.526	83.10	36.0
0.533	83.56	36.2
0.540	84.26	36.4
0.547	84.26	36.6
0.555	84.49	36.8
0.562	84.95	37.0
0.569	84.95	37.2
0.577	85.88	37.4
0.584	85.88	37.6
0.591	86.34	37.8
0.599	86.34	38.0
0.606	87.27	38.2
0.613	87.50	38.4
0.620	87.96	38.6
0.628	87.96	38.8
0.635	88.43	39.0
0.642	88.89	39.2
0.650	88.89	39.4
0.657	89.35	39.6
0.664	89.81	39.8
0.672	90.74	40.0
0.679	90.74	40.2
0.686	91.44	40.4
0.693	92.82	40.6
0.701	93.98	40.8
0.708	93.98	41.0
0.715	94.68	41.2
0.723	94.68	41.4
0.730	94.68	41.6
0.737	95.60	41.8
0.745	96.30	42.0
0.752	96.76	42.2
0.759	96.76	42.4
0.766	97.69	42.6
0.774	98.84	42.8
0.781	99.31	43.0
0.788	99.31	43.2
0.796	100.69	43.4
0.803	102.31	43.6
0.810	103.70	43.8
0.818	103.70	44.0
0.825	104.63	44.2
0.832	105.79	44.4
0.839	105.79	44.6
0.847	106.71	44.8
0.854	108.56	45.0
0.861	109.49	45.2
0.869	109.49	45.4
0.876	111.34	45.6
0.883	114.58	45.8
0.891	115.74	46.0
0.898	115.74	46.2
0.905	116.90	46.4
0.912	118.52	46.6
0.920	118.52	46.8
0.927	120.60	47.0
0.934	121.99	47.2
0.942	124.07	47.4
0.949	124.07	47.6
0.956	126.16	47.8
0.964	127.78	48.0
0.971	129.86	48.2
0.978	129.86	48.4
0.985	132.18	48.6
0.993	133.80	48.8
1.000	134.26	49.0
