1.000	0.00	0.0
0.977	0.64	0.2
0.954	2.99	0.4
0.931	5.56	0.6
0.908	7.91	0.8
0.885	9.19	1.0
0.862	10.47	1.2
0.839	12.39	1.4
0.816	13.46	1.6
0.793	15.17	1.8
0.770	17.09	2.0
0.747	18.16	2.2
0.724	19.23	2.4
0.701	20.51	2.6
0.678	21.15	2.8
0.655	21.79	3.0
0.632	22.65	3.2
0.609	23.93	3.4
0.586	24.79	3.6
0.563	26.50	3.8
0.540	27.14	4.0
0.517	29.27	4.2
0.494	31.20	4.4
0.471	32.48	4.6
0.448	33.33	4.8
0.425	33.76	5.0
0.425	33.76	5.0
0.402	34.62	5.2
0.379	35.68	5.4
0.356	36.11	5.6
0.333	36.54	5.8
0.310	36.54	6.0
0.287	36.75	6.2
0.264	36.75	6.4
0.241	36.75	6.6
0.218	37.18	6.8
0.195	37.18	7.0
0.172	37.18	7.2
0.149	37.18	7.4
0.126	37.18	7.6
0.103	37.18	7.8
0.080	37.39	8.0
0.057	37.61	8.2
0.034	37.61	8.4
0.000	37.61	8.7
0.012	37.61	8.9
0.024	37.61	9.1
0.036	37.82	9.3
0.048	37.82	9.5
0.060	37.82	9.7
0.071	38.03	9.9
0.083	38.03	10.1
0.095	38.25	10.3
0.107	38.25	10.5
0.119	38.68	10.7
0.131	38.89	10.9
0.143	38.89	11.1
0.155	38.89	11.3
0.167	38.89	11.5
0.179	39.10	11.7
0.190	39.53	11.9
0.202	39.53	12.1
0.214	39.53	12.3
0.226	39.96	12.5
0.238	40.38	12.7
0.250	40.38	12.9
0.262	40.60	13.1
0.274	40.81	13.3
0.286	41.24	13.5
0.298	41.45	13.7
0.310	41.45	13.9
0.321	42.74	14.1
0.333	42.74	14.3
0.345	42.95	14.5
0.357	43.59	14.7
0.369	44.44	14.9
0.381	45.51	15.1
0.393	45.51	15.3
0.405	45.51	15.5
0.417	45.94	15.7
0.429	46.58	15.9
0.440	47.01	16.1
0.452	47.44	16.3
0.464	48.08	16.5
0.476	48.50	16.7
0.488	48.72	16.9
0.500	50.21	17.1
0.512	50.85	17.3
0.524	50.85	17.5
0.536	51.50	17.7
0.548	52.14	17.9
0.560	52.56	18.1
0.571	53.21	18.3
0.583	53.63	18.5
0.595	53.63	18.7
0.607	54.06	18.9
0.619	54.49	19.1
0.631	56.62	19.3
0.643	56.84	19.5
0.655	57.69	19.7
0.667	57.91	19.9
0.679	58.76	20.1
0.690	59.19	20.3
0.702	60.04	20.5
0.714	61.97	20.7
0.726	62.18	20.9
0.738	63.03	21.1
0.750	65.17	21.3
0.762	66.03	21.5
0.774	67.31	21.7
0.786	68.38	21.9
0.798	69.23	22.1
0.810	70.30	22.3
0.821	72.44	22.5
0.833	73.93	22.7
0.845	74.79	22.9
0.857	75.85	23.1
0.869	76.92	23.3
0.881	78.63	23.5
0.893	79.70	23.7
0.905	80.98	23.9
0.917	82.26	24.1
0.929	84.19	24.3
0.940	86.32	24.5
0.952	87.61	24.7
0.964	88.89	24.9
0.976	89.96	25.1
0.988	91.88	25.3
1.000	92.74	25.5
