1.000	0.00	0.0
0.986	2.55	0.2
0.971	3.06	0.4
0.957	7.40	0.6
0.942	9.44	0.8
0.928	14.29	1.0
0.913	18.11	1.2
0.899	20.41	1.4
0.884	20.41	1.6
0.870	22.45	1.8
0.855	22.96	2.0
0.841	23.47	2.2
0.826	25.26	2.4
0.812	26.28	2.6
0.797	26.79	2.8
0.783	28.83	3.0
0.768	30.36	3.2
0.754	30.36	3.4
0.739	31.89	3.6
0.725	32.14	3.8
0.710	32.40	4.0
0.696	32.91	4.2
0.681	32.91	4.4
0.667	33.93	4.6
0.652	33.93	4.8
0.638	34.44	5.0
0.623	34.95	5.2
0.609	36.22	5.4
0.594	36.73	5.6
0.580	38.01	5.8
0.565	38.52	6.0
0.551	39.03	6.2
0.536	40.31	6.4
0.522	41.07	6.6
0.507	41.84	6.8
0.493	41.84	7.0
0.478	42.09	7.2
0.464	42.35	7.4
0.449	42.35	7.6
0.435	42.35	7.8
0.420	42.35	8.0
0.406	42.60	8.2
0.391	43.11	8.4
0.377	43.37	8.6
0.362	43.37	8.8
0.348	43.62	9.0
0.333	43.62	9.2
0.319	43.88	9.4
0.304	44.39	9.6
0.290	44.39	9.8
0.275	44.64	10.0
0.261	44.90	10.2
0.246	45.15	10.4
0.232	45.15	10.6
0.217	45.15	10.8
0.203	45.15	11.0
0.188	45.15	11.2
0.174	45.15	11.4
0.159	45.41	11.6
0.145	45.41	11.8
0.130	45.41	12.0
0.116	45.66	12.2
0.101	45.66	12.4
0.087	45.92	12.6
0.072	45.92	12.8
0.058	46.17	13.0
0.043	46.17	13.2
0.029	46.17	13.4
0.014	46.68	13.6
0.000	46.68	13.8
0.009	46.68	14.0
0.019	46.68	14.2
0.028	46.68	14.4
0.037	46.68	14.6
0.046	46.68	14.8
0.056	46.94	15.0
0.065	46.94	15.2
0.074	46.94	15.4
0.083	46.94	15.6
0.093	46.94	15.8
0.102	46.94	16.0
0.111	46.94	16.2
0.120	46.94	16.4
0.130	46.94	16.6
0.139	46.94	16.8
0.148	47.70	17.0
0.157	48.47	17.2
0.167	49.23	17.4
0.176	49.49	17.6
0.185	49.49	17.8
0.194	49.49	18.0
0.204	50.00	18.2
0.213	50.00	18.4
0.222	50.26	18.6
0.231	50.77	18.8
0.241	51.28	19.0
0.250	51.79	19.2
0.259	51.79	19.4
0.269	52.30	19.6
0.278	52.55	19.8
0.287	53.06	20.0
0.296	53.06	20.2
0.306	53.83	20.4
0.315	54.34	20.6
0.324	54.85	20.8
0.333	55.10	21.0
0.343	55.61	21.2
0.352	55.61	21.4
0.361	55.87	21.6
0.370	55.87	21.8
0.380	55.87	22.0
0.389	56.63	22.2
0.398	56.63	22.4
0.407	56.89	22.6
0.417	57.14	22.8
0.426	57.65	23.0
0.435	58.16	23.2
0.444	58.16	23.4
0.454	58.93	23.6
0.463	59.44	23.8
0.472	59.95	24.0
0.481	60.46	24.2
0.491	60.97	24.4
0.500	61.48	24.6
0.509	61.48	24.8
0.519	62.24	25.0
0.528	63.27	25.2
0.537	64.03	25.4
0.546	64.80	25.6
0.556	66.33	25.8
0.565	67.09	26.0
0.574	67.60	26.2
0.583	67.86	26.4
0.593	68.11	26.6
0.602	68.88	26.8
0.611	69.64	27.0
0.620	70.15	27.2
0.630	70.15	27.4
0.639	70.41	27.6
0.648	70.66	27.8
0.657	71.17	28.0
0.667	71.68	28.2
0.676	71.94	28.4
0.685	72.96	28.6
0.694	73.47	28.8
0.704	73.98	29.0
0.713	74.74	29.2
0.722	75.77	29.4
0.731	76.79	29.6
0.741	77.04	29.8
0.750	77.30	30.0
0.759	77.30	30.2
0.769	78.06	30.4
0.778	78.32	30.6
0.787	79.34	30.8
0.796	79.59	31.0
0.806	80.10	31.2
0.815	80.87	31.4
0.824	81.38	31.6
0.833	82.14	31.8
0.843	83.42	32.0
0.852	84.44	32.2
0.861	84.95	32.4
0.870	86.22	32.6
0.880	86.22	32.8
0.889	88.27	33.0
0.898	90.05	33.2
0.907	91.07	33.4
0.917	93.11	33.6
0.926	93.62	33.8
0.935	94.90	34.0
0.944	97.19	34.2
0.954	98.47	34.4
0.963	99.74	34.6
0.972	101.53	34.8
0.981	104.59	35.0
0.991	106.89	35.2
1.000	107.14	35.4
