1.000	0.00	0.0
0.975	0.57	0.2
0.951	1.42	0.4
0.926	3.13	0.6
0.901	5.11	0.8
0.877	7.67	1.0
0.852	8.81	1.2
0.827	11.65	1.4
0.802	12.78	1.6
0.778	13.64	1.8
0.753	15.63	2.0
0.728	17.05	2.2
0.704	17.61	2.4
0.679	18.47	2.6
0.654	18.47	2.8
0.630	19.32	3.0
0.605	19.60	3.2
0.580	21.31	3.4
0.556	22.16	3.6
0.531	22.16	3.8
0.506	22.73	4.0
0.481	22.73	4.2
0.457	24.15	4.4
0.432	24.43	4.6
0.407	24.72	4.8
0.383	25.00	5.0
0.358	25.00	5.2
0.333	25.00	5.4
0.309	25.57	5.6
0.284	25.85	5.8
0.259	26.14	6.0
0.235	26.42	6.2
0.210	26.70	6.4
0.185	26.99	6.6
0.160	27.27	6.8
0.136	27.56	7.0
0.111	27.56	7.2
0.086	27.56	7.4
0.062	27.56	7.6
0.037	27.56	7.8
0.000	27.56	8.1
0.009	27.56	8.3
0.019	27.56	8.5
0.028	27.84	8.7
0.037	27.84	8.9
0.047	27.84	9.1
0.056	27.84	9.3
0.065	28.13	9.5
0.075	28.13	9.7
0.084	28.41	9.9
0.093	28.41	10.1
0.103	28.69	10.3
0.112	28.69	10.5
0.121	28.98	10.7
0.131	28.98	10.9
0.140	28.98	11.1
0.150	28.98	11.3
0.159	28.98	11.5
0.168	29.83	11.7
0.178	30.68	11.9
0.187	30.68	12.1
0.196	30.97	12.3
0.206	30.97	12.5
0.215	31.25	12.7
0.224	31.25	12.9
0.234	31.82	13.1
0.243	32.39	13.3
0.252	32.67	13.5
0.262	33.24	13.7
0.271	33.81	13.9
0.280	33.81	14.1
0.290	33.81	14.3
0.299	33.81	14.5
0.308	34.66	14.7
0.318	34.94	14.9
0.327	35.23	15.1
0.336	35.51	15.3
0.346	36.08	15.5
0.355	36.36	15.7
0.364	36.65	15.9
0.374	37.22	16.1
0.383	37.22	16.3
0.393	37.50	16.5
0.402	38.07	16.7
0.411	38.64	16.9
0.421	39.20	17.1
0.430	39.20	17.3
0.439	39.49	17.5
0.449	39.77	17.7
0.458	40.63	17.9
0.467	41.19	18.1
0.477	41.48	18.3
0.486	42.90	18.5
0.495	43.18	18.7
0.505	44.03	18.9
0.514	44.32	19.1
0.523	45.17	19.3
0.533	45.74	19.5
0.542	46.31	19.7
0.551	46.59	19.9
0.561	46.59	20.1
0.570	46.88	20.3
0.579	46.88	20.5
0.589	46.88	20.7
0.598	47.16	20.9
0.607	47.73	21.1
0.617	48.01	21.3
0.626	48.86	21.5
0.636	49.43	21.7
0.645	50.57	21.9
0.654	51.70	22.1
0.664	52.27	22.3
0.673	52.84	22.5
0.682	53.98	22.7
0.692	54.83	22.9
0.701	54.83	23.1
0.710	55.68	23.3
0.720	55.68	23.5
0.729	56.25	23.7
0.738	56.53	23.9
0.748	57.39	24.1
0.757	58.24	24.3
0.766	59.38	24.5
0.776	60.80	24.7
0.785	61.36	24.9
0.794	61.93	25.1
0.804	62.50	25.3
0.813	63.92	25.5
0.822	65.91	25.7
0.832	66.76	25.9
0.841	67.90	26.1
0.850	69.60	26.3
0.860	69.60	26.5
0.869	70.45	26.7
0.879	72.16	26.9
0.888	73.30	27.1
0.897	75.85	27.3
0.907	76.70	27.5
0.916	78.98	27.7
0.925	80.40	27.9
0.935	82.10	28.1
0.944	83.24	28.3
0.953	84.09	28.5
0.963	85.23	28.7
0.972	86.65	28.9
0.981	88.64	29.1
0.991	90.34	29.3
1.000	90.63	29.5
