1.000	0.00	0.0
0.988	1.48	0.2
0.976	2.96	0.4
0.965	5.17	0.6
0.953	7.64	0.8
0.941	10.34	1.0
0.929	14.53	1.2
0.918	17.24	1.4
0.906	18.72	1.6
0.894	19.70	1.8
0.882	20.69	2.0
0.871	21.67	2.2
0.859	23.40	2.4
0.847	25.62	2.6
0.835	25.86	2.8
0.824	27.09	3.0
0.812	28.57	3.2
0.800	31.03	3.4
0.788	32.02	3.6
0.776	32.76	3.8
0.765	33.00	4.0
0.753	33.50	4.2
0.741	34.73	4.4
0.729	36.70	4.6
0.718	37.19	4.8
0.706	37.68	5.0
0.694	38.42	5.2
0.682	38.67	5.4
0.671	38.67	5.6
0.659	39.90	5.8
0.647	40.64	6.0
0.635	40.89	6.2
0.624	41.63	6.4
0.612	41.63	6.6
0.600	42.36	6.8
0.588	42.61	7.0
0.576	43.10	7.2
0.565	43.10	7.4
0.553	43.60	7.6
0.541	44.09	7.8
0.529	44.83	8.0
0.518	45.07	8.2
0.506	45.32	8.4
0.494	45.32	8.6
0.482	45.32	8.8
0.471	45.81	9.0
0.459	46.55	9.2
0.447	47.04	9.4
0.435	47.04	9.6
0.424	47.29	9.8
0.412	47.54	10.0
0.400	47.78	10.2
0.388	48.03	10.4
0.376	48.28	10.6
0.365	48.77	10.8
0.353	49.01	11.0
0.341	49.51	11.2
0.329	49.75	11.4
0.318	50.74	11.6
0.306	50.74	11.8
0.294	50.74	12.0
0.282	51.23	12.2
0.271	51.23	12.4
0.259	51.48	12.6
0.247	51.48	12.8
0.235	51.48	13.0
0.224	51.72	13.2
0.212	51.72	13.4
0.200	52.22	13.6
0.188	52.22	13.8
0.176	52.46	14.0
0.165	52.46	14.2
0.153	52.46	14.4
0.141	53.20	14.6
0.129	53.45	14.8
0.118	53.45	15.0
0.106	53.45	15.2
0.094	53.45	15.4
0.082	53.45	15.6
0.071	53.45	15.8
0.059	53.94	16.0
0.047	53.94	16.2
0.035	53.94	16.4
0.024	53.94	16.6
0.012	53.94	16.8
0.000	53.94	17.0
0.016	53.94	17.3
0.027	53.94	17.5
0.037	54.19	17.7
0.048	54.19	17.9
0.059	54.19	18.1
0.070	54.19	18.3
0.080	54.19	18.5
0.091	54.19	18.7
0.102	54.19	18.9
0.112	54.19	19.1
0.123	54.19	19.3
0.134	54.19	19.5
0.144	54.19	19.7
0.155	54.19	19.9
0.166	54.68	20.1
0.176	54.68	20.3
0.187	54.68	20.5
0.198	54.93	20.7
0.209	55.17	20.9
0.219	55.42	21.1
0.230	55.91	21.3
0.241	56.40	21.5
0.251	56.40	21.7
0.262	56.90	21.9
0.273	57.14	22.1
0.283	57.39	22.3
0.294	57.39	22.5
0.305	57.39	22.7
0.316	57.88	22.9
0.326	57.88	23.1
0.337	57.88	23.3
0.348	57.88	23.5
0.358	58.37	23.7
0.369	59.11	23.9
0.380	59.36	24.1
0.390	59.61	24.3
0.401	60.10	24.5
0.412	60.84	24.7
0.422	61.08	24.9
0.433	61.58	25.1
0.444	61.58	25.3
0.455	62.32	25.5
0.465	63.55	25.7
0.476	64.29	25.9
0.487	64.78	26.1
0.497	64.78	26.3
0.508	65.52	26.5
0.519	65.76	26.7
0.529	65.76	26.9
0.540	66.26	27.1
0.551	66.75	27.3
0.561	67.73	27.5
0.572	68.23	27.7
0.583	68.72	27.9
0.594	69.46	28.1
0.604	69.95	28.3
0.615	70.20	28.5
0.626	70.44	28.7
0.636	71.18	28.9
0.647	72.17	29.1
0.658	72.41	29.3
0.668	72.91	29.5
0.679	73.15	29.7
0.690	73.40	29.9
0.701	73.65	30.1
0.711	73.65	30.3
0.722	74.14	30.5
0.733	74.63	30.7
0.743	75.86	30.9
0.754	76.60	31.1
0.765	77.59	31.3
0.775	78.08	31.5
0.786	78.82	31.7
0.797	80.05	31.9
0.807	81.53	32.1
0.818	82.02	32.3
0.829	84.98	32.5
0.840	86.21	32.7
0.850	89.90	32.9
0.861	90.15	33.1
0.872	91.13	33.3
0.882	92.12	33.5
0.893	93.84	33.7
0.904	95.07	33.9
0.914	96.80	34.1
0.925	97.78	34.3
0.936	100.25	34.5
0.947	102.22	34.7
0.957	103.94	34.9
0.968	105.67	35.1
0.979	107.88	35.3
0.989	109.36	35.5
1.000	110.59	35.7
