1.000	0.00	0.0
0.971	1.03	0.2
0.943	2.06	0.4
0.914	3.61	0.6
0.886	4.64	0.8
0.857	6.44	1.0
0.829	8.25	1.2
0.800	9.28	1.4
0.771	10.57	1.6
0.743	12.11	1.8
0.714	14.18	2.0
0.686	15.72	2.2
0.657	17.01	2.4
0.629	18.04	2.6
0.600	19.33	2.8
0.571	20.62	3.0
0.543	22.16	3.2
0.514	23.20	3.4
0.486	25.26	3.6
0.457	26.03	3.8
0.429	26.55	4.0
0.400	26.80	4.2
0.371	27.06	4.4
0.343	27.32	4.6
0.314	27.84	4.8
0.286	28.09	5.0
0.257	28.35	5.2
0.229	28.87	5.4
0.200	29.64	5.6
0.171	29.90	5.8
0.143	30.15	6.0
0.114	30.15	6.2
0.086	30.15	6.4
0.057	30.15	6.6
0.029	30.15	6.8
0.000	30.15	7.0
0.014	30.15	7.3
0.024	30.41	7.5
0.033	30.41	7.7
0.043	30.41	7.9
0.052	30.41	8.1
0.062	30.41	8.3
0.071	30.41	8.5
0.081	30.41	8.7
0.090	30.41	8.9
0.100	30.41	9.1
0.109	30.67	9.3
0.118	30.67	9.5
0.128	30.93	9.7
0.137	31.19	9.9
0.147	31.44	10.1
0.156	32.22	10.3
0.166	32.99	10.5
0.175	33.51	10.7
0.185	33.76	10.9
0.194	34.28	11.1
0.204	34.54	11.3
0.213	34.79	11.5
0.223	34.79	11.7
0.232	35.31	11.9
0.242	35.31	12.1
0.251	35.82	12.3
0.261	36.08	12.5
0.270	36.08	12.7
0.280	36.08	12.9
0.289	36.60	13.1
0.299	37.11	13.3
0.308	37.37	13.5
0.318	37.37	13.7
0.327	37.37	13.9
0.336	37.37	14.1
0.346	37.89	14.3
0.355	38.40	14.5
0.365	38.66	14.7
0.374	38.92	14.9
0.384	38.92	15.1
0.393	38.92	15.3
0.403	39.69	15.5
0.412	39.95	15.7
0.422	40.21	15.9
0.431	40.21	16.1
0.441	40.72	16.3
0.450	41.24	16.5
0.460	41.24	16.7
0.469	41.24	16.9
0.479	41.75	17.1
0.488	42.01	17.3
0.498	42.01	17.5
0.507	42.27	17.7
0.517	42.78	17.9
0.526	43.04	18.1
0.536	43.30	18.3
0.545	43.56	18.5
0.555	43.56	18.7
0.564	43.81	18.9
0.573	44.33	19.1
0.583	44.33	19.3
0.592	44.33	19.5
0.602	44.85	19.7
0.611	45.36	19.9
0.621	45.36	20.1
0.630	45.62	20.3
0.640	45.62	20.5
0.649	45.88	20.7
0.659	46.91	20.9
0.668	47.16	21.1
0.678	48.20	21.3
0.687	49.48	21.5
0.697	50.00	21.7
0.706	50.77	21.9
0.716	51.29	22.1
0.725	51.29	22.3
0.735	52.58	22.5
0.744	53.87	22.7
0.754	54.38	22.9
0.763	55.93	23.1
0.773	58.25	23.3
0.782	59.54	23.5
0.791	61.34	23.7
0.801	62.89	23.9
0.810	63.92	24.1
0.820	63.92	24.3
0.829	64.43	24.5
0.839	65.72	24.7
0.848	66.49	24.9
0.858	67.27	25.1
0.867	68.56	25.3
0.877	69.33	25.5
0.886	70.36	25.7
0.896	71.13	25.9
0.905	73.20	26.1
0.915	73.45	26.3
0.924	75.26	26.5
0.934	76.03	26.7
0.943	77.84	26.9
0.953	78.87	27.1
0.962	80.93	27.3
0.972	82.47	27.5
0.981	86.08	27.7
0.991	89.43	27.9
1.000	90.21	28.1
