1.000	0.00	0.0
0.974	0.84	0.2
0.948	2.25	0.4
0.922	2.81	0.6
0.896	7.30	0.8
0.870	9.55	1.0
0.844	12.08	1.2
0.818	13.48	1.4
0.792	14.61	1.6
0.766	16.01	1.8
0.740	16.57	2.0
0.714	18.26	2.2
0.688	19.10	2.4
0.662	19.66	2.6
0.636	20.22	2.8
0.610	20.51	3.0
0.584	21.35	3.2
0.558	22.75	3.4
0.532	23.03	3.6
0.506	23.31	3.8
0.481	23.88	4.0
0.455	24.72	4.2
0.429	25.00	4.4
0.403	25.28	4.6
0.377	26.12	4.8
0.351	26.69	5.0
0.325	26.97	5.2
0.299	26.97	5.4
0.273	27.25	5.6
0.247	27.81	5.8
0.221	28.09	6.0
0.195	28.37	6.2
0.169	28.37	6.4
0.143	28.65	6.6
0.117	28.93	6.8
0.091	28.93	7.0
0.065	28.93	7.2
0.039	28.93	7.4
0.000	28.93	7.7
0.005	28.93	7.8
0.014	28.93	8.0
0.024	28.93	8.2
0.033	28.93	8.4
0.043	28.93	8.6
0.052	28.93	8.8
0.062	29.49	9.0
0.071	29.49	9.2
0.081	29.49	9.4
0.090	29.49	9.6
0.100	29.49	9.8
0.109	29.49	10.0
0.118	29.49	10.2
0.128	29.49	10.4
0.137	29.49	10.6
0.147	29.49	10.8
0.156	29.49	11.0
0.166	29.49	11.2
0.175	29.78	11.4
0.185	29.78	11.6
0.194	30.34	11.8
0.204	30.62	12.0
0.213	30.62	12.2
0.223	31.18	12.4
0.232	32.02	12.6
0.242	32.58	12.8
0.251	32.58	13.0
0.261	33.15	13.2
0.270	33.43	13.4
0.280	33.43	13.6
0.289	33.71	13.8
0.299	33.99	14.0
0.308	35.11	14.2
0.318	35.11	14.4
0.327	35.67	14.6
0.336	36.52	14.8
0.346	37.08	15.0
0.355	37.36	15.2
0.365	37.36	15.4
0.374	37.64	15.6
0.384	37.92	15.8
0.393	38.48	16.0
0.403	39.33	16.2
0.412	39.61	16.4
0.422	39.89	16.6
0.431	40.45	16.8
0.441	40.73	17.0
0.450	40.73	17.2
0.460	40.73	17.4
0.469	41.01	17.6
0.479	41.01	17.8
0.488	41.57	18.0
0.498	41.85	18.2
0.507	42.42	18.4
0.517	42.70	18.6
0.526	43.54	18.8
0.536	44.10	19.0
0.545	44.38	19.2
0.555	44.66	19.4
0.564	46.35	19.6
0.573	47.19	19.8
0.583	47.19	20.0
0.592	47.47	20.2
0.602	48.31	20.4
0.611	48.31	20.6
0.621	48.88	20.8
0.630	49.16	21.0
0.640	49.16	21.2
0.649	50.00	21.4
0.659	51.12	21.6
0.668	51.97	21.8
0.678	52.81	22.0
0.687	52.81	22.2
0.697	53.65	22.4
0.706	54.49	22.6
0.716	54.78	22.8
0.725	55.90	23.0
0.735	56.46	23.2
0.744	58.15	23.4
0.754	58.99	23.6
0.763	59.55	23.8
0.773	60.39	24.0
0.782	61.24	24.2
0.791	62.64	24.4
0.801	63.20	24.6
0.810	64.89	24.8
0.820	64.89	25.0
0.829	67.13	25.2
0.839	68.82	25.4
0.848	70.51	25.6
0.858	72.19	25.8
0.867	73.88	26.0
0.877	75.00	26.2
0.886	76.12	26.4
0.896	76.97	26.6
0.905	77.53	26.8
0.915	77.81	27.0
0.924	79.78	27.2
0.934	80.34	27.4
0.943	81.18	27.6
0.953	82.02	27.8
0.962	84.27	28.0
0.972	86.80	28.2
0.981	90.73	28.4
0.991	92.70	28.6
1.000	92.98	28.8
