1.000	0.00	0.0
0.989	3.04	0.2
0.979	5.47	0.4
0.968	7.89	0.6
0.958	11.34	0.8
0.947	12.55	1.0
0.937	13.56	1.2
0.926	15.38	1.4
0.915	16.40	1.6
0.905	17.81	1.8
0.894	18.02	2.0
0.884	19.84	2.2
0.873	21.05	2.4
0.862	22.06	2.6
0.852	23.68	2.8
0.841	25.91	3.0
0.831	27.73	3.2
0.820	28.74	3.4
0.810	31.17	3.6
0.799	32.39	3.8
0.788	33.81	4.0
0.778	34.41	4.2
0.767	35.02	4.4
0.757	35.63	4.6
0.746	35.83	4.8
0.735	37.04	5.0
0.725	37.45	5.2
0.714	38.66	5.4
0.704	39.27	5.6
0.693	39.88	5.8
0.683	40.28	6.0
0.672	40.49	6.2
0.661	41.50	6.4
0.651	42.31	6.6
0.640	42.51	6.8
0.630	44.74	7.0
0.619	44.74	7.2
0.608	45.14	7.4
0.598	46.15	7.6
0.587	46.56	7.8
0.577	46.96	8.0
0.566	47.57	8.2
0.556	47.77	8.4
0.545	47.98	8.6
0.534	48.18	8.8
0.524	48.18	9.0
0.513	48.58	9.2
0.503	48.99	9.4
0.492	49.60	9.6
0.481	50.00	9.8
0.471	50.00	10.0
0.460	50.20	10.2
0.450	50.81	10.4
0.439	50.81	10.6
0.429	50.81	10.8
0.418	51.01	11.0
0.407	51.42	11.2
0.397	51.62	11.4
0.386	52.43	11.6
0.376	53.24	11.8
0.365	53.24	12.0
0.354	53.64	12.2
0.344	53.85	12.4
0.333	53.85	12.6
0.323	54.25	12.8
0.312	54.45	13.0
0.302	54.66	13.2
0.291	54.66	13.4
0.280	55.26	13.6
0.270	55.47	13.8
0.259	55.67	14.0
0.249	55.67	14.2
0.238	56.07	14.4
0.228	56.28	14.6
0.217	56.48	14.8
0.206	56.48	15.0
0.196	56.48	15.2
0.185	56.88	15.4
0.175	56.88	15.6
0.164	57.09	15.8
0.153	57.29	16.0
0.143	57.29	16.2
0.132	57.49	16.4
0.122	57.49	16.6
0.111	57.49	16.8
0.101	57.49	17.0
0.090	57.49	17.2
0.079	57.89	17.4
0.069	57.89	17.6
0.058	57.89	17.8
0.048	57.89	18.0
0.037	57.89	18.2
0.026	58.10	18.4
0.016	58.10	18.6
0.000	58.10	18.9
0.005	58.10	19.0
0.015	58.30	19.2
0.024	58.30	19.4
0.034	58.30	19.6
0.044	58.50	19.8
0.054	58.50	20.0
0.063	58.50	20.2
0.073	58.70	20.4
0.083	58.70	20.6
0.093	58.70	20.8
0.102	58.70	21.0
0.112	58.70	21.2
0.122	58.91	21.4
0.132	59.11	21.6
0.141	59.31	21.8
0.151	59.31	22.0
0.161	59.51	22.2
0.171	59.72	22.4
0.180	60.12	22.6
0.190	60.12	22.8
0.200	60.32	23.0
0.210	60.32	23.2
0.220	60.53	23.4
0.229	60.93	23.6
0.239	60.93	23.8
0.249	61.54	24.0
0.259	61.74	24.2
0.268	61.74	24.4
0.278	62.96	24.6
0.288	63.16	24.8
0.298	63.36	25.0
0.307	63.36	25.2
0.317	63.56	25.4
0.327	63.97	25.6
0.337	63.97	25.8
0.346	63.97	26.0
0.356	64.37	26.2
0.366	64.57	26.4
0.376	64.98	26.6
0.385	65.79	26.8
0.395	65.79	27.0
0.405	66.19	27.2
0.415	66.19	27.4
0.424	66.40	27.6
0.434	66.60	27.8
0.444	66.80	28.0
0.454	67.21	28.2
0.463	67.21	28.4
0.473	67.21	28.6
0.483	67.41	28.8
0.493	68.22	29.0
0.502	69.03	29.2
0.512	69.84	29.4
0.522	70.24	29.6
0.532	70.45	29.8
0.541	71.05	30.0
0.551	71.46	30.2
0.561	71.66	30.4
0.571	72.06	30.6
0.580	72.47	30.8
0.590	72.67	31.0
0.600	72.87	31.2
0.610	72.87	31.4
0.620	72.87	31.6
0.629	73.48	31.8
0.639	73.68	32.0
0.649	74.09	32.2
0.659	74.49	32.4
0.668	74.90	32.6
0.678	77.13	32.8
0.688	77.73	33.0
0.698	78.74	33.2
0.707	79.55	33.4
0.717	80.16	33.6
0.727	81.17	33.8
0.737	82.39	34.0
0.746	83.20	34.2
0.756	84.21	34.4
0.766	87.45	34.6
0.776	88.46	34.8
0.785	89.47	35.0
0.795	90.28	35.2
0.805	90.89	35.4
0.815	92.51	35.6
0.824	93.32	35.8
0.834	94.13	36.0
0.844	94.94	36.2
0.854	95.75	36.4
0.863	96.56	36.6
0.873	97.17	36.8
0.883	98.79	37.0
0.893	100.40	37.2
0.902	101.82	37.4
0.912	103.85	37.6
0.922	105.06	37.8
0.932	106.28	38.0
0.941	108.10	38.2
0.951	109.72	38.4
0.961	111.34	38.6
0.971	112.75	38.8
0.980	115.18	39.0
0.990	117.81	39.2
1.000	118.42	39.4
