1.000	0.00	0.0
0.970	1.21	0.2
0.939	4.05	0.4
0.909	5.47	0.6
0.879	7.49	0.8
0.848	10.73	1.0
0.818	13.56	1.2
0.788	15.59	1.4
0.758	16.80	1.6
0.727	18.22	1.8
0.697	20.45	2.0
0.667	21.26	2.2
0.636	22.27	2.4
0.606	22.47	2.6
0.576	23.48	2.8
0.545	23.89	3.0
0.515	24.49	3.2
0.485	25.51	3.4
0.455	25.91	3.6
0.424	26.92	3.8
0.394	26.92	4.0
0.364	26.92	4.2
0.333	26.92	4.4
0.303	27.13	4.6
0.273	27.33	4.8
0.242	27.33	5.0
0.212	27.33	5.2
0.182	27.33	5.4
0.152	27.53	5.6
0.121	27.53	5.8
0.091	27.53	6.0
0.061	27.53	6.2
0.030	27.53	6.4
0.000	27.53	6.6
0.019	27.53	6.9
0.031	27.53	7.1
0.044	27.53	7.3
0.057	27.53	7.5
0.069	27.53	7.7
0.082	27.53	7.9
0.094	27.53	8.1
0.107	27.53	8.3
0.119	27.53	8.5
0.132	27.94	8.7
0.145	27.94	8.9
0.157	27.94	9.1
0.170	27.94	9.3
0.182	28.14	9.5
0.195	28.14	9.7
0.208	28.54	9.9
0.220	28.95	10.1
0.233	29.15	10.3
0.245	29.15	10.5
0.258	29.15	10.7
0.270	29.76	10.9
0.283	29.76	11.1
0.296	29.76	11.3
0.308	29.76	11.5
0.321	30.57	11.7
0.333	30.77	11.9
0.346	30.77	12.1
0.358	31.17	12.3
0.371	31.17	12.5
0.384	31.78	12.7
0.396	31.78	12.9
0.409	31.98	13.1
0.421	32.19	13.3
0.434	33.00	13.5
0.447	33.20	13.7
0.459	33.20	13.9
0.472	33.20	14.1
0.484	33.60	14.3
0.497	33.60	14.5
0.509	33.81	14.7
0.522	33.81	14.9
0.535	34.01	15.1
0.547	34.01	15.3
0.560	34.41	15.5
0.572	34.62	15.7
0.585	34.82	15.9
0.597	35.02	16.1
0.610	35.83	16.3
0.623	35.83	16.5
0.635	36.03	16.7
0.648	36.44	16.9
0.660	36.84	17.1
0.673	37.65	17.3
0.686	38.46	17.5
0.698	39.07	17.7
0.711	40.28	17.9
0.723	41.50	18.1
0.736	42.11	18.3
0.748	42.71	18.5
0.761	45.34	18.7
0.774	46.36	18.9
0.786	47.17	19.1
0.799	47.77	19.3
0.811	51.62	19.5
0.824	53.44	19.7
0.836	54.45	19.9
0.849	55.87	20.1
0.862	57.89	20.3
0.874	59.31	20.5
0.887	61.13	20.7
0.899	62.35	20.9
0.912	65.99	21.1
0.925	66.60	21.3
0.937	67.81	21.5
0.950	69.23	21.7
0.962	71.46	21.9
0.975	72.47	22.1
0.987	75.10	22.3
1.000	76.92	22.5
