1.000	0.00	0.0
0.984	1.06	0.2
0.967	2.38	0.4
0.951	3.97	0.6
0.935	5.82	0.8
0.919	7.94	1.0
0.902	8.99	1.2
0.886	10.85	1.4
0.870	11.90	1.6
0.854	12.43	1.8
0.837	15.61	2.0
0.821	16.93	2.2
0.805	18.52	2.4
0.789	20.63	2.6
0.772	22.22	2.8
0.756	24.60	3.0
0.740	26.19	3.2
0.724	27.25	3.4
0.707	29.10	3.6
0.691	29.37	3.8
0.675	29.63	4.0
0.659	29.63	4.2
0.642	30.95	4.4
0.626	32.80	4.6
0.610	34.66	4.8
0.593	35.45	5.0
0.577	36.77	5.2
0.561	37.30	5.4
0.545	38.89	5.6
0.528	39.42	5.8
0.512	39.95	6.0
0.496	40.74	6.2
0.480	41.53	6.4
0.463	41.53	6.6
0.447	42.33	6.8
0.431	42.33	7.0
0.415	43.12	7.2
0.398	43.65	7.4
0.382	43.92	7.6
0.366	44.44	7.8
0.350	44.71	8.0
0.333	44.71	8.2
0.317	44.71	8.4
0.301	44.71	8.6
0.285	45.24	8.8
0.268	45.24	9.0
0.252	45.50	9.2
0.236	45.77	9.4
0.220	45.77	9.6
0.203	45.77	9.8
0.187	45.77	10.0
0.171	45.77	10.2
0.154	46.03	10.4
0.138	46.03	10.6
0.122	46.03	10.8
0.106	46.03	11.0
0.089	46.03	11.2
0.073	46.03	11.4
0.057	46.03	11.6
0.041	46.03	11.8
0.024	46.30	12.0
0.000	46.30	12.3
0.008	46.30	12.5
0.016	46.30	12.7
0.024	46.30	12.9
0.032	46.30	13.1
0.040	46.56	13.3
0.048	46.56	13.5
0.056	46.83	13.7
0.065	46.83	13.9
0.073	47.09	14.1
0.081	47.35	14.3
0.089	47.35	14.5
0.097	47.88	14.7
0.105	47.88	14.9
0.113	47.88	15.1
0.121	48.41	15.3
0.129	48.41	15.5
0.137	48.68	15.7
0.145	48.94	15.9
0.153	49.47	16.1
0.161	49.47	16.3
0.169	49.47	16.5
0.177	49.47	16.7
0.185	49.47	16.9
0.194	49.74	17.1
0.202	50.53	17.3
0.210	50.53	17.5
0.218	50.53	17.7
0.226	50.53	17.9
0.234	50.79	18.1
0.242	51.32	18.3
0.250	51.32	18.5
0.258	51.32	18.7
0.266	51.59	18.9
0.274	52.12	19.1
0.282	52.12	19.3
0.290	52.91	19.5
0.298	52.91	19.7
0.306	53.44	19.9
0.315	53.70	20.1
0.323	54.50	20.3
0.331	54.76	20.5
0.339	54.76	20.7
0.347	54.76	20.9
0.355	54.76	21.1
0.363	55.03	21.3
0.371	55.03	21.5
0.379	55.03	21.7
0.387	55.82	21.9
0.395	56.08	22.1
0.403	56.61	22.3
0.411	56.88	22.5
0.419	56.88	22.7
0.427	57.14	22.9
0.435	57.67	23.1
0.444	57.94	23.3
0.452	58.47	23.5
0.460	58.47	23.7
0.468	59.26	23.9
0.476	59.26	24.1
0.484	60.05	24.3
0.492	61.11	24.5
0.500	61.64	24.7
0.508	61.64	24.9
0.516	61.90	25.1
0.524	61.90	25.3
0.532	62.43	25.5
0.540	63.23	25.7
0.548	63.23	25.9
0.556	64.02	26.1
0.565	64.55	26.3
0.573	65.61	26.5
0.581	66.14	26.7
0.589	66.14	26.9
0.597	66.67	27.1
0.605	66.67	27.3
0.613	67.20	27.5
0.621	67.72	27.7
0.629	67.72	27.9
0.637	68.52	28.1
0.645	69.05	28.3
0.653	69.31	28.5
0.661	70.11	28.7
0.669	70.11	28.9
0.677	70.37	29.1
0.685	70.37	29.3
0.694	71.69	29.5
0.702	72.22	29.7
0.710	72.22	29.9
0.718	73.02	30.1
0.726	74.34	30.3
0.734	75.66	30.5
0.742	76.46	30.7
0.750	78.04	30.9
0.758	78.04	31.1
0.766	78.31	31.3
0.774	79.37	31.5
0.782	80.69	31.7
0.790	81.75	31.9
0.798	81.75	32.1
0.806	82.80	32.3
0.815	84.39	32.5
0.823	85.45	32.7
0.831	86.77	32.9
0.839	86.77	33.1
0.847	87.30	33.3
0.855	88.36	33.5
0.863	89.68	33.7
0.871	91.27	33.9
0.879	91.27	34.1
0.887	92.59	34.3
0.895	94.71	34.5
0.903	96.56	34.7
0.911	97.35	34.9
0.919	97.35	35.1
0.927	98.41	35.3
0.935	99.74	35.5
0.944	102.38	35.7
0.952	104.23	35.9
0.960	104.23	36.1
0.968	105.03	36.3
0.976	105.82	36.5
0.984	108.20	36.7
0.992	110.58	36.9
1.000	110.85	37.1
