#SC1	um	cM		
#SA 	21.6	60.6		
#LA 	27.4	73.6		
#total 	49	134.26		
#
#	Number of SCs = 	216		
#
#% arm distance from centromere	SC1 bin	RN Freq	cM per interval	cumulative cM
#100.00%	0			
99.10%	0.2	0	0	0
98.10%	0.4	3	0.69	0.69
97.20%	0.6	7	1.62	2.31
96.30%	0.8	9	2.08	4.4
95.40%	1	10	2.31	6.71
94.40%	1.2	3	0.69	7.41
93.50%	1.4	3	0.69	8.1
92.60%	1.6	3	0.69	8.8
91.70%	1.8	6	1.39	10.19
90.70%	2	5	1.16	11.34
89.80%	2.2	8	1.85	13.19
88.90%	2.4	5	1.16	14.35
88.00%	2.6	5	1.16	15.51
87.00%	2.8	0	0	15.51
86.10%	3	8	1.85	17.36
85.20%	3.2	12	2.78	20.14
84.30%	3.4	1	0.23	20.37
83.30%	3.6	8	1.85	22.22
82.40%	3.8	4	0.93	23.15
81.50%	4	7	1.62	24.77
80.60%	4.2	3	0.69	25.46
79.60%	4.4	7	1.62	27.08
78.70%	4.6	2	0.46	27.55
77.80%	4.8	2	0.46	28.01
76.90%	5	3	0.69	28.7
75.90%	5.2	6	1.39	30.09
75.00%	5.4	3	0.69	30.79
74.10%	5.6	0	0	30.79
73.10%	5.8	6	1.39	32.18
72.20%	6	6	1.39	33.56
71.30%	6.2	2	0.46	34.03
70.40%	6.4	6	1.39	35.42
69.40%	6.6	3	0.69	36.11
68.50%	6.8	1	0.23	36.34
67.60%	7	3	0.69	37.04
66.70%	7.2	6	1.39	38.43
65.70%	7.4	4	0.93	39.35
64.80%	7.6	4	0.93	40.28
63.90%	7.8	1	0.23	40.51
63.00%	8	4	0.93	41.44
62.00%	8.2	0	0	41.44
61.10%	8.4	1	0.23	41.67
60.20%	8.6	3	0.69	42.36
59.30%	8.8	5	1.16	43.52
58.30%	9	4	0.93	44.44
57.40%	9.2	3	0.69	45.14
56.50%	9.4	3	0.69	45.83
55.60%	9.6	1	0.23	46.06
54.60%	9.8	1	0.23	46.3
53.70%	10	2	0.46	46.76
52.80%	10.2	2	0.46	47.22
51.90%	10.4	3	0.69	47.92
50.90%	10.6	3	0.69	48.61
50.00%	10.8	2	0.46	49.07
49.10%	11	0	0	49.07
48.10%	11.2	2	0.46	49.54
47.20%	11.4	1	0.23	49.77
46.30%	11.6	2	0.46	50.23
45.40%	11.8	2	0.46	50.69
44.40%	12	0	0	50.69
43.50%	12.2	1	0.23	50.93
42.60%	12.4	2	0.46	51.39
41.70%	12.6	3	0.69	52.08
40.70%	12.8	2	0.46	52.55
39.80%	13	2	0.46	53.01
38.90%	13.2	0	0	53.01
38.00%	13.4	1	0.23	53.24
37.00%	13.6	0	0	53.24
36.10%	13.8	1	0.23	53.47
35.20%	14	0	0	53.47
34.30%	14.2	0	0	53.47
33.30%	14.4	2	0.46	53.94
32.40%	14.6	1	0.23	54.17
31.50%	14.8	3	0.69	54.86
30.60%	15	2	0.46	55.32
29.60%	15.2	2	0.46	55.79
28.70%	15.4	0	0	55.79
27.80%	15.6	2	0.46	56.25
26.90%	15.8	1	0.23	56.48
25.90%	16	0	0	56.48
25.00%	16.2	1	0.23	56.71
24.10%	16.4	0	0	56.71
23.10%	16.6	3	0.69	57.41
22.20%	16.8	0	0	57.41
21.30%	17	1	0.23	57.64
20.40%	17.2	2	0.46	58.1
19.40%	17.4	0	0	58.1
18.50%	17.6	2	0.46	58.56
17.60%	17.8	1	0.23	58.8
16.70%	18	1	0.23	59.03
15.70%	18.2	3	0.69	59.72
14.80%	18.4	1	0.23	59.95
13.90%	18.6	0	0	59.95
13.00%	18.8	2	0.46	60.42
12.00%	19	0	0	60.42
11.10%	19.2	0	0	60.42
10.20%	19.4	0	0	60.42
9.30%	19.6	0	0	60.42
8.30%	19.8	0	0	60.42
7.40%	20	0	0	60.42
6.50%	20.2	0	0	60.42
5.60%	20.4	0	0	60.42
4.60%	20.6	1	0.23	60.65
3.70%	20.8	0	0	60.65
2.80%	21	0	0	60.65
1.90%	21.2	0	0	60.65
0.90%	21.4	0	0	60.65
0.00%	21.6	0	0	60.65
0.70%	21.8	0	0	60.65
1.50%	22	0	0	60.65
2.20%	22.2	0	0	60.65
2.90%	22.4	0	0	60.65
3.60%	22.6	1	0.23	60.88
4.40%	22.8	1	0.23	61.11
5.10%	23	0	0	61.11
5.80%	23.2	0	0	61.11
6.60%	23.4	1	0.23	61.34
7.30%	23.6	1	0.23	61.57
8.00%	23.8	1	0.23	61.81
8.80%	24	0	0	61.81
9.50%	24.2	0	0	61.81
10.20%	24.4	2	0.46	62.27
10.90%	24.6	0	0	62.27
11.70%	24.8	1	0.23	62.5
12.40%	25	0	0	62.5
13.10%	25.2	2	0.46	62.96
13.90%	25.4	0	0	62.96
14.60%	25.6	1	0.23	63.19
15.30%	25.8	1	0.23	63.43
16.10%	26	0	0	63.43
16.80%	26.2	0	0	63.43
17.50%	26.4	2	0.46	63.89
18.20%	26.6	0	0	63.89
19.00%	26.8	0	0	63.89
19.70%	27	1	0.23	64.12
20.40%	27.2	2	0.46	64.58
21.20%	27.4	3	0.69	65.28
21.90%	27.6	0	0	65.28
22.60%	27.8	3	0.69	65.97
23.40%	28	3	0.69	66.67
24.10%	28.2	3	0.69	67.36
24.80%	28.4	0	0	67.36
25.50%	28.6	1	0.23	67.59
26.30%	28.8	2	0.46	68.06
27.00%	29	0	0	68.06
27.70%	29.2	0	0	68.06
28.50%	29.4	4	0.93	68.98
29.20%	29.6	5	1.16	70.14
29.90%	29.8	0	0	70.14
30.70%	30	3	0.69	70.83
31.40%	30.2	4	0.93	71.76
32.10%	30.4	2	0.46	72.22
32.80%	30.6	0	0	72.22
33.60%	30.8	1	0.23	72.45
34.30%	31	2	0.46	72.92
35.00%	31.2	3	0.69	73.61
35.80%	31.4	0	0	73.61
36.50%	31.6	2	0.46	74.07
37.20%	31.8	1	0.23	74.31
38.00%	32	0	0	74.31
38.70%	32.2	2	0.46	74.77
39.40%	32.4	4	0.93	75.69
40.10%	32.6	4	0.93	76.62
40.90%	32.8	0	0	76.62
41.60%	33	1	0.23	76.85
42.30%	33.2	4	0.93	77.78
43.10%	33.4	2	0.46	78.24
43.80%	33.6	0	0	78.24
44.50%	33.8	1	0.23	78.47
45.30%	34	1	0.23	78.7
46.00%	34.2	0	0	78.7
46.70%	34.4	2	0.46	79.17
47.40%	34.6	4	0.93	80.09
48.20%	34.8	4	0.93	81.02
48.90%	35	0	0	81.02
49.60%	35.2	3	0.69	81.71
50.40%	35.4	1	0.23	81.94
51.10%	35.6	3	0.69	82.64
51.80%	35.8	0	0	82.64
52.60%	36	2	0.46	83.1
53.30%	36.2	2	0.46	83.56
54.00%	36.4	3	0.69	84.26
54.70%	36.6	0	0	84.26
55.50%	36.8	1	0.23	84.49
56.20%	37	2	0.46	84.95
56.90%	37.2	0	0	84.95
57.70%	37.4	4	0.93	85.88
58.40%	37.6	0	0	85.88
59.10%	37.8	2	0.46	86.34
59.90%	38	0	0	86.34
60.60%	38.2	4	0.93	87.27
61.30%	38.4	1	0.23	87.5
62.00%	38.6	2	0.46	87.96
62.80%	38.8	0	0	87.96
63.50%	39	2	0.46	88.43
64.20%	39.2	2	0.46	88.89
65.00%	39.4	0	0	88.89
65.70%	39.6	2	0.46	89.35
66.40%	39.8	2	0.46	89.81
67.20%	40	4	0.93	90.74
67.90%	40.2	0	0	90.74
68.60%	40.4	3	0.69	91.44
69.30%	40.6	6	1.39	92.82
70.10%	40.8	5	1.16	93.98
70.80%	41	0	0	93.98
71.50%	41.2	3	0.69	94.68
72.30%	41.4	0	0	94.68
73.00%	41.6	0	0	94.68
73.70%	41.8	4	0.93	95.6
74.50%	42	3	0.69	96.3
75.20%	42.2	2	0.46	96.76
75.90%	42.4	0	0	96.76
76.60%	42.6	4	0.93	97.69
77.40%	42.8	5	1.16	98.84
78.10%	43	2	0.46	99.31
78.80%	43.2	0	0	99.31
79.60%	43.4	6	1.39	100.69
80.30%	43.6	7	1.62	102.31
81.00%	43.8	6	1.39	103.7
81.80%	44	0	0	103.7
82.50%	44.2	4	0.93	104.63
83.20%	44.4	5	1.16	105.79
83.90%	44.6	0	0	105.79
84.70%	44.8	4	0.93	106.71
85.40%	45	8	1.85	108.56
86.10%	45.2	4	0.93	109.49
86.90%	45.4	0	0	109.49
87.60%	45.6	8	1.85	111.34
88.30%	45.8	14	3.24	114.58
89.10%	46	5	1.16	115.74
89.80%	46.2	0	0	115.74
90.50%	46.4	5	1.16	116.9
91.20%	46.6	7	1.62	118.52
92.00%	46.8	0	0	118.52
92.70%	47	9	2.08	120.6
93.40%	47.2	6	1.39	121.99
94.20%	47.4	9	2.08	124.07
94.90%	47.6	0	0	124.07
95.60%	47.8	9	2.08	126.16
96.40%	48	7	1.62	127.78
97.10%	48.2	9	2.08	129.86
97.80%	48.4	0	0	129.86
98.50%	48.6	10	2.31	132.18
99.30%	48.8	7	1.62	133.8
100.00%	49	2	0.46	134.26
