#SC10	um	cM		
#SA 	6.6	27.53		
#LA 	15.9	49.39		
#total 	22.5	76.92		
#
#	Number of SCs = 	247		
#
#% arm distance from centromere	 SC10 Bin	RN Freq	cM per interval	cumulative cM
#100.00%	0			
97.00%	0.2	6	1.21	1.21
93.90%	0.4	14	2.83	4.05
90.90%	0.6	7	1.42	5.47
87.90%	0.8	10	2.02	7.49
84.80%	1	16	3.24	10.73
81.80%	1.2	14	2.83	13.56
78.80%	1.4	10	2.02	15.59
75.80%	1.6	6	1.21	16.8
72.70%	1.8	7	1.42	18.22
69.70%	2	11	2.23	20.45
66.70%	2.2	4	0.81	21.26
63.60%	2.4	5	1.01	22.27
60.60%	2.6	1	0.2	22.47
57.60%	2.8	5	1.01	23.48
54.50%	3	2	0.4	23.89
51.50%	3.2	3	0.61	24.49
48.50%	3.4	5	1.01	25.51
45.50%	3.6	2	0.4	25.91
42.40%	3.8	5	1.01	26.92
39.40%	4	0	0	26.92
36.40%	4.2	0	0	26.92
33.30%	4.4	0	0	26.92
30.30%	4.6	1	0.2	27.13
27.30%	4.8	1	0.2	27.33
24.20%	5	0	0	27.33
21.20%	5.2	0	0	27.33
18.20%	5.4	0	0	27.33
15.20%	5.6	1	0.2	27.53
12.10%	5.8	0	0	27.53
9.10%	6	0	0	27.53
6.10%	6.2	0	0	27.53
3.00%	6.4	0	0	27.53
0.00%	6.6	0	0	27.53
1.90%	6.9	0	0	27.53
3.10%	7.1	0	0	27.53
4.40%	7.3	0	0	27.53
5.70%	7.5	0	0	27.53
6.90%	7.7	0	0	27.53
8.20%	7.9	0	0	27.53
9.40%	8.1	0	0	27.53
10.70%	8.3	0	0	27.53
11.90%	8.5	0	0	27.53
13.20%	8.7	2	0.4	27.94
14.50%	8.9	0	0	27.94
15.70%	9.1	0	0	27.94
17.00%	9.3	0	0	27.94
18.20%	9.5	1	0.2	28.14
19.50%	9.7	0	0	28.14
20.80%	9.9	2	0.4	28.54
22.00%	10.1	2	0.4	28.95
23.30%	10.3	1	0.2	29.15
24.50%	10.5	0	0	29.15
25.80%	10.7	0	0	29.15
27.00%	10.9	3	0.61	29.76
28.30%	11.1	0	0	29.76
29.60%	11.3	0	0	29.76
30.80%	11.5	0	0	29.76
32.10%	11.7	4	0.81	30.57
33.30%	11.9	1	0.2	30.77
34.60%	12.1	0	0	30.77
35.80%	12.3	2	0.4	31.17
37.10%	12.5	0	0	31.17
38.40%	12.7	3	0.61	31.78
39.60%	12.9	0	0	31.78
40.90%	13.1	1	0.2	31.98
42.10%	13.3	1	0.2	32.19
43.40%	13.5	4	0.81	33
44.70%	13.7	1	0.2	33.2
45.90%	13.9	0	0	33.2
47.20%	14.1	0	0	33.2
48.40%	14.3	2	0.4	33.6
49.70%	14.5	0	0	33.6
50.90%	14.7	1	0.2	33.81
52.20%	14.9	0	0	33.81
53.50%	15.1	1	0.2	34.01
54.70%	15.3	0	0	34.01
56.00%	15.5	2	0.4	34.41
57.20%	15.7	1	0.2	34.62
58.50%	15.9	1	0.2	34.82
59.70%	16.1	1	0.2	35.02
61.00%	16.3	4	0.81	35.83
62.30%	16.5	0	0	35.83
63.50%	16.7	1	0.2	36.03
64.80%	16.9	2	0.4	36.44
66.00%	17.1	2	0.4	36.84
67.30%	17.3	4	0.81	37.65
68.60%	17.5	4	0.81	38.46
69.80%	17.7	3	0.61	39.07
71.10%	17.9	6	1.21	40.28
72.30%	18.1	6	1.21	41.5
73.60%	18.3	3	0.61	42.11
74.80%	18.5	3	0.61	42.71
76.10%	18.7	13	2.63	45.34
77.40%	18.9	5	1.01	46.36
78.60%	19.1	4	0.81	47.17
79.90%	19.3	3	0.61	47.77
81.10%	19.5	19	3.85	51.62
82.40%	19.7	9	1.82	53.44
83.60%	19.9	5	1.01	54.45
84.90%	20.1	7	1.42	55.87
86.20%	20.3	10	2.02	57.89
87.40%	20.5	7	1.42	59.31
88.70%	20.7	9	1.82	61.13
89.90%	20.9	6	1.21	62.35
91.20%	21.1	18	3.64	65.99
92.50%	21.3	3	0.61	66.6
93.70%	21.5	6	1.21	67.81
95.00%	21.7	7	1.42	69.23
96.20%	21.9	11	2.23	71.46
97.50%	22.1	5	1.01	72.47
98.70%	22.3	13	2.63	75.1
100.00%	22.5	9	1.82	76.92
