#SC2	um	cM		
#SA 	18.9	58.1		
#LA	20.5	60.32		
#total 	39.4	118.42		
#
#	Number of SCs = 	247		
#
#% arm distance from centromere	SC2bins	RN Freq	cM per interval	cumulative cM
#100.00%	0			
98.90%	0.2	15	3.04	3.04
97.90%	0.4	12	2.43	5.47
96.80%	0.6	12	2.43	7.89
95.80%	0.8	17	3.44	11.34
94.70%	1	6	1.21	12.55
93.70%	1.2	5	1.01	13.56
92.60%	1.4	9	1.82	15.38
91.50%	1.6	5	1.01	16.4
90.50%	1.8	7	1.42	17.81
89.40%	2	1	0.2	18.02
88.40%	2.2	9	1.82	19.84
87.30%	2.4	6	1.21	21.05
86.20%	2.6	5	1.01	22.06
85.20%	2.8	8	1.62	23.68
84.10%	3	11	2.23	25.91
83.10%	3.2	9	1.82	27.73
82.00%	3.4	5	1.01	28.74
81.00%	3.6	12	2.43	31.17
79.90%	3.8	6	1.21	32.39
78.80%	4	7	1.42	33.81
77.80%	4.2	3	0.61	34.41
76.70%	4.4	3	0.61	35.02
75.70%	4.6	3	0.61	35.63
74.60%	4.8	1	0.2	35.83
73.50%	5	6	1.21	37.04
72.50%	5.2	2	0.4	37.45
71.40%	5.4	6	1.21	38.66
70.40%	5.6	3	0.61	39.27
69.30%	5.8	3	0.61	39.88
68.30%	6	2	0.4	40.28
67.20%	6.2	1	0.2	40.49
66.10%	6.4	5	1.01	41.5
65.10%	6.6	4	0.81	42.31
64.00%	6.8	1	0.2	42.51
63.00%	7	11	2.23	44.74
61.90%	7.2	0	0	44.74
60.80%	7.4	2	0.4	45.14
59.80%	7.6	5	1.01	46.15
58.70%	7.8	2	0.4	46.56
57.70%	8	2	0.4	46.96
56.60%	8.2	3	0.61	47.57
55.60%	8.4	1	0.2	47.77
54.50%	8.6	1	0.2	47.98
53.40%	8.8	1	0.2	48.18
52.40%	9	0	0	48.18
51.30%	9.2	2	0.4	48.58
50.30%	9.4	2	0.4	48.99
49.20%	9.6	3	0.61	49.6
48.10%	9.8	2	0.4	50
47.10%	10	0	0	50
46.00%	10.2	1	0.2	50.2
45.00%	10.4	3	0.61	50.81
43.90%	10.6	0	0	50.81
42.90%	10.8	0	0	50.81
41.80%	11	1	0.2	51.01
40.70%	11.2	2	0.4	51.42
39.70%	11.4	1	0.2	51.62
38.60%	11.6	4	0.81	52.43
37.60%	11.8	4	0.81	53.24
36.50%	12	0	0	53.24
35.40%	12.2	2	0.4	53.64
34.40%	12.4	1	0.2	53.85
33.30%	12.6	0	0	53.85
32.30%	12.8	2	0.4	54.25
31.20%	13	1	0.2	54.45
30.20%	13.2	1	0.2	54.66
29.10%	13.4	0	0	54.66
28.00%	13.6	3	0.61	55.26
27.00%	13.8	1	0.2	55.47
25.90%	14	1	0.2	55.67
24.90%	14.2	0	0	55.67
23.80%	14.4	2	0.4	56.07
22.80%	14.6	1	0.2	56.28
21.70%	14.8	1	0.2	56.48
20.60%	15	0	0	56.48
19.60%	15.2	0	0	56.48
18.50%	15.4	2	0.4	56.88
17.50%	15.6	0	0	56.88
16.40%	15.8	1	0.2	57.09
15.30%	16	1	0.2	57.29
14.30%	16.2	0	0	57.29
13.20%	16.4	1	0.2	57.49
12.20%	16.6	0	0	57.49
11.10%	16.8	0	0	57.49
10.10%	17	0	0	57.49
9.00%	17.2	0	0	57.49
7.90%	17.4	2	0.4	57.89
6.90%	17.6	0	0	57.89
5.80%	17.8	0	0	57.89
4.80%	18	0	0	57.89
3.70%	18.2	0	0	57.89
2.60%	18.4	1	0.2	58.1
1.60%	18.6	0	0	58.1
0.00%	18.9	0	0	58.1
0.50%	19	0	0	58.1
1.50%	19.2	1	0.2	58.3
2.40%	19.4	0	0	58.3
3.40%	19.6	0	0	58.3
4.40%	19.8	1	0.2	58.5
5.40%	20	0	0	58.5
6.30%	20.2	0	0	58.5
7.30%	20.4	1	0.2	58.7
8.30%	20.6	0	0	58.7
9.30%	20.8	0	0	58.7
10.20%	21	0	0	58.7
11.20%	21.2	0	0	58.7
12.20%	21.4	1	0.2	58.91
13.20%	21.6	1	0.2	59.11
14.10%	21.8	1	0.2	59.31
15.10%	22	0	0	59.31
16.10%	22.2	1	0.2	59.51
17.10%	22.4	1	0.2	59.72
18.00%	22.6	2	0.4	60.12
19.00%	22.8	0	0	60.12
20.00%	23	1	0.2	60.32
21.00%	23.2	0	0	60.32
22.00%	23.4	1	0.2	60.53
22.90%	23.6	2	0.4	60.93
23.90%	23.8	0	0	60.93
24.90%	24	3	0.61	61.54
25.90%	24.2	1	0.2	61.74
26.80%	24.4	0	0	61.74
27.80%	24.6	6	1.21	62.96
28.80%	24.8	1	0.2	63.16
29.80%	25	1	0.2	63.36
30.70%	25.2	0	0	63.36
31.70%	25.4	1	0.2	63.56
32.70%	25.6	2	0.4	63.97
33.70%	25.8	0	0	63.97
34.60%	26	0	0	63.97
35.60%	26.2	2	0.4	64.37
36.60%	26.4	1	0.2	64.57
37.60%	26.6	2	0.4	64.98
38.50%	26.8	4	0.81	65.79
39.50%	27	0	0	65.79
40.50%	27.2	2	0.4	66.19
41.50%	27.4	0	0	66.19
42.40%	27.6	1	0.2	66.4
43.40%	27.8	1	0.2	66.6
44.40%	28	1	0.2	66.8
45.40%	28.2	2	0.4	67.21
46.30%	28.4	0	0	67.21
47.30%	28.6	0	0	67.21
48.30%	28.8	1	0.2	67.41
49.30%	29	4	0.81	68.22
50.20%	29.2	4	0.81	69.03
51.20%	29.4	4	0.81	69.84
52.20%	29.6	2	0.4	70.24
53.20%	29.8	1	0.2	70.45
54.10%	30	3	0.61	71.05
55.10%	30.2	2	0.4	71.46
56.10%	30.4	1	0.2	71.66
57.10%	30.6	2	0.4	72.06
58.00%	30.8	2	0.4	72.47
59.00%	31	1	0.2	72.67
60.00%	31.2	1	0.2	72.87
61.00%	31.4	0	0	72.87
62.00%	31.6	0	0	72.87
62.90%	31.8	3	0.61	73.48
63.90%	32	1	0.2	73.68
64.90%	32.2	2	0.4	74.09
65.90%	32.4	2	0.4	74.49
66.80%	32.6	2	0.4	74.9
67.80%	32.8	11	2.23	77.13
68.80%	33	3	0.61	77.73
69.80%	33.2	5	1.01	78.74
70.70%	33.4	4	0.81	79.55
71.70%	33.6	3	0.61	80.16
72.70%	33.8	5	1.01	81.17
73.70%	34	6	1.21	82.39
74.60%	34.2	4	0.81	83.2
75.60%	34.4	5	1.01	84.21
76.60%	34.6	16	3.24	87.45
77.60%	34.8	5	1.01	88.46
78.50%	35	5	1.01	89.47
79.50%	35.2	4	0.81	90.28
80.50%	35.4	3	0.61	90.89
81.50%	35.6	8	1.62	92.51
82.40%	35.8	4	0.81	93.32
83.40%	36	4	0.81	94.13
84.40%	36.2	4	0.81	94.94
85.40%	36.4	4	0.81	95.75
86.30%	36.6	4	0.81	96.56
87.30%	36.8	3	0.61	97.17
88.30%	37	8	1.62	98.79
89.30%	37.2	8	1.62	100.4
90.20%	37.4	7	1.42	101.82
91.20%	37.6	10	2.02	103.85
92.20%	37.8	6	1.21	105.06
93.20%	38	6	1.21	106.28
94.10%	38.2	9	1.82	108.1
95.10%	38.4	8	1.62	109.72
96.10%	38.6	8	1.62	111.34
97.10%	38.8	7	1.42	112.75
98.00%	39	12	2.43	115.18
99.00%	39.2	13	2.63	117.81
100.00%	39.4	3	0.61	118.42
