#SC3	um	cM		
#SA len	12.3	46.3		
#LA len	24.8	64.55		
#total	37.1	110.85		
#
#	Number of SCs = 	189		
#
#% arm distance from centromere	SC3 Bin	RN Freq	cM per interval	cumulative cM
#100.00%	0			
98.40%	0.2	4	1.06	1.06
96.70%	0.4	5	1.32	2.38
95.10%	0.6	6	1.59	3.97
93.50%	0.8	7	1.85	5.82
91.90%	1	8	2.12	7.94
90.20%	1.2	4	1.06	8.99
88.60%	1.4	7	1.85	10.85
87.00%	1.6	4	1.06	11.9
85.40%	1.8	2	0.53	12.43
83.70%	2	12	3.17	15.61
82.10%	2.2	5	1.32	16.93
80.50%	2.4	6	1.59	18.52
78.90%	2.6	8	2.12	20.63
77.20%	2.8	6	1.59	22.22
75.60%	3	9	2.38	24.6
74.00%	3.2	6	1.59	26.19
72.40%	3.4	4	1.06	27.25
70.70%	3.6	7	1.85	29.1
69.10%	3.8	1	0.26	29.37
67.50%	4	1	0.26	29.63
65.90%	4.2	0	0	29.63
64.20%	4.4	5	1.32	30.95
62.60%	4.6	7	1.85	32.8
61.00%	4.8	7	1.85	34.66
59.30%	5	3	0.79	35.45
57.70%	5.2	5	1.32	36.77
56.10%	5.4	2	0.53	37.3
54.50%	5.6	6	1.59	38.89
52.80%	5.8	2	0.53	39.42
51.20%	6	2	0.53	39.95
49.60%	6.2	3	0.79	40.74
48.00%	6.4	3	0.79	41.53
46.30%	6.6	0	0	41.53
44.70%	6.8	3	0.79	42.33
43.10%	7	0	0	42.33
41.50%	7.2	3	0.79	43.12
39.80%	7.4	2	0.53	43.65
38.20%	7.6	1	0.26	43.92
36.60%	7.8	2	0.53	44.44
35.00%	8	1	0.26	44.71
33.30%	8.2	0	0	44.71
31.70%	8.4	0	0	44.71
30.10%	8.6	0	0	44.71
28.50%	8.8	2	0.53	45.24
26.80%	9	0	0	45.24
25.20%	9.2	1	0.26	45.5
23.60%	9.4	1	0.26	45.77
22.00%	9.6	0	0	45.77
20.30%	9.8	0	0	45.77
18.70%	10	0	0	45.77
17.10%	10.2	0	0	45.77
15.40%	10.4	1	0.26	46.03
13.80%	10.6	0	0	46.03
12.20%	10.8	0	0	46.03
10.60%	11	0	0	46.03
8.90%	11.2	0	0	46.03
7.30%	11.4	0	0	46.03
5.70%	11.6	0	0	46.03
4.10%	11.8	0	0	46.03
2.40%	12	1	0.26	46.3
0.00%	12.3	0	0	46.3
0.80%	12.5	0	0	46.3
1.60%	12.7	0	0	46.3
2.40%	12.9	0	0	46.3
3.20%	13.1	0	0	46.3
4.00%	13.3	1	0.26	46.56
4.80%	13.5	0	0	46.56
5.60%	13.7	1	0.26	46.83
6.50%	13.9	0	0	46.83
7.30%	14.1	1	0.26	47.09
8.10%	14.3	1	0.26	47.35
8.90%	14.5	0	0	47.35
9.70%	14.7	2	0.53	47.88
10.50%	14.9	0	0	47.88
11.30%	15.1	0	0	47.88
12.10%	15.3	2	0.53	48.41
12.90%	15.5	0	0	48.41
13.70%	15.7	1	0.26	48.68
14.50%	15.9	1	0.26	48.94
15.30%	16.1	2	0.53	49.47
16.10%	16.3	0	0	49.47
16.90%	16.5	0	0	49.47
17.70%	16.7	0	0	49.47
18.50%	16.9	0	0	49.47
19.40%	17.1	1	0.26	49.74
20.20%	17.3	3	0.79	50.53
21.00%	17.5	0	0	50.53
21.80%	17.7	0	0	50.53
22.60%	17.9	0	0	50.53
23.40%	18.1	1	0.26	50.79
24.20%	18.3	2	0.53	51.32
25.00%	18.5	0	0	51.32
25.80%	18.7	0	0	51.32
26.60%	18.9	1	0.26	51.59
27.40%	19.1	2	0.53	52.12
28.20%	19.3	0	0	52.12
29.00%	19.5	3	0.79	52.91
29.80%	19.7	0	0	52.91
30.60%	19.9	2	0.53	53.44
31.50%	20.1	1	0.26	53.7
32.30%	20.3	3	0.79	54.5
33.10%	20.5	1	0.26	54.76
33.90%	20.7	0	0	54.76
34.70%	20.9	0	0	54.76
35.50%	21.1	0	0	54.76
36.30%	21.3	1	0.26	55.03
37.10%	21.5	0	0	55.03
37.90%	21.7	0	0	55.03
38.70%	21.9	3	0.79	55.82
39.50%	22.1	1	0.26	56.08
40.30%	22.3	2	0.53	56.61
41.10%	22.5	1	0.26	56.88
41.90%	22.7	0	0	56.88
42.70%	22.9	1	0.26	57.14
43.50%	23.1	2	0.53	57.67
44.40%	23.3	1	0.26	57.94
45.20%	23.5	2	0.53	58.47
46.00%	23.7	0	0	58.47
46.80%	23.9	3	0.79	59.26
47.60%	24.1	0	0	59.26
48.40%	24.3	3	0.79	60.05
49.20%	24.5	4	1.06	61.11
50.00%	24.7	2	0.53	61.64
50.80%	24.9	0	0	61.64
51.60%	25.1	1	0.26	61.9
52.40%	25.3	0	0	61.9
53.20%	25.5	2	0.53	62.43
54.00%	25.7	3	0.79	63.23
54.80%	25.9	0	0	63.23
55.60%	26.1	3	0.79	64.02
56.50%	26.3	2	0.53	64.55
57.30%	26.5	4	1.06	65.61
58.10%	26.7	2	0.53	66.14
58.90%	26.9	0	0	66.14
59.70%	27.1	2	0.53	66.67
60.50%	27.3	0	0	66.67
61.30%	27.5	2	0.53	67.2
62.10%	27.7	2	0.53	67.72
62.90%	27.9	0	0	67.72
63.70%	28.1	3	0.79	68.52
64.50%	28.3	2	0.53	69.05
65.30%	28.5	1	0.26	69.31
66.10%	28.7	3	0.79	70.11
66.90%	28.9	0	0	70.11
67.70%	29.1	1	0.26	70.37
68.50%	29.3	0	0	70.37
69.40%	29.5	5	1.32	71.69
70.20%	29.7	2	0.53	72.22
71.00%	29.9	0	0	72.22
71.80%	30.1	3	0.79	73.02
72.60%	30.3	5	1.32	74.34
73.40%	30.5	5	1.32	75.66
74.20%	30.7	3	0.79	76.46
75.00%	30.9	6	1.59	78.04
75.80%	31.1	0	0	78.04
76.60%	31.3	1	0.26	78.31
77.40%	31.5	4	1.06	79.37
78.20%	31.7	5	1.32	80.69
79.00%	31.9	4	1.06	81.75
79.80%	32.1	0	0	81.75
80.60%	32.3	4	1.06	82.8
81.50%	32.5	6	1.59	84.39
82.30%	32.7	4	1.06	85.45
83.10%	32.9	5	1.32	86.77
83.90%	33.1	0	0	86.77
84.70%	33.3	2	0.53	87.3
85.50%	33.5	4	1.06	88.36
86.30%	33.7	5	1.32	89.68
87.10%	33.9	6	1.59	91.27
87.90%	34.1	0	0	91.27
88.70%	34.3	5	1.32	92.59
89.50%	34.5	8	2.12	94.71
90.30%	34.7	7	1.85	96.56
91.10%	34.9	3	0.79	97.35
91.90%	35.1	0	0	97.35
92.70%	35.3	4	1.06	98.41
93.50%	35.5	5	1.32	99.74
94.40%	35.7	10	2.65	102.38
95.20%	35.9	7	1.85	104.23
96.00%	36.1	0	0	104.23
96.80%	36.3	3	0.79	105.03
97.60%	36.5	3	0.79	105.82
98.40%	36.7	9	2.38	108.2
99.20%	36.9	9	2.38	110.58
100.00%	37.1	1	0.26	110.85
