#SC4	um	cM		
#SA 	13.8	46.68		
#LA 	21.6	60.46		
#total 	35.4	107.14		
#
#	Number of SCs = 	196		
#
#% arm distance from centromere	SC4 Bin	RN Freq	cM per interval	cumulative cM
#100.00%	0			
98.60%	0.2	10	2.55	2.55
97.10%	0.4	2	0.51	3.06
95.70%	0.6	17	4.34	7.4
94.20%	0.8	8	2.04	9.44
92.80%	1	19	4.85	14.29
91.30%	1.2	15	3.83	18.11
89.90%	1.4	9	2.3	20.41
88.40%	1.6	0	0	20.41
87.00%	1.8	8	2.04	22.45
85.50%	2	2	0.51	22.96
84.10%	2.2	2	0.51	23.47
82.60%	2.4	7	1.79	25.26
81.20%	2.6	4	1.02	26.28
79.70%	2.8	2	0.51	26.79
78.30%	3	8	2.04	28.83
76.80%	3.2	6	1.53	30.36
75.40%	3.4	0	0	30.36
73.90%	3.6	6	1.53	31.89
72.50%	3.8	1	0.26	32.14
71.00%	4	1	0.26	32.4
69.60%	4.2	2	0.51	32.91
68.10%	4.4	0	0	32.91
66.70%	4.6	4	1.02	33.93
65.20%	4.8	0	0	33.93
63.80%	5	2	0.51	34.44
62.30%	5.2	2	0.51	34.95
60.90%	5.4	5	1.28	36.22
59.40%	5.6	2	0.51	36.73
58.00%	5.8	5	1.28	38.01
56.50%	6	2	0.51	38.52
55.10%	6.2	2	0.51	39.03
53.60%	6.4	5	1.28	40.31
52.20%	6.6	3	0.77	41.07
50.70%	6.8	3	0.77	41.84
49.30%	7	0	0	41.84
47.80%	7.2	1	0.26	42.09
46.40%	7.4	1	0.26	42.35
44.90%	7.6	0	0	42.35
43.50%	7.8	0	0	42.35
42.00%	8	0	0	42.35
40.60%	8.2	1	0.26	42.6
39.10%	8.4	2	0.51	43.11
37.70%	8.6	1	0.26	43.37
36.20%	8.8	0	0	43.37
34.80%	9	1	0.26	43.62
33.30%	9.2	0	0	43.62
31.90%	9.4	1	0.26	43.88
30.40%	9.6	2	0.51	44.39
29.00%	9.8	0	0	44.39
27.50%	10	1	0.26	44.64
26.10%	10.2	1	0.26	44.9
24.60%	10.4	1	0.26	45.15
23.20%	10.6	0	0	45.15
21.70%	10.8	0	0	45.15
20.30%	11	0	0	45.15
18.80%	11.2	0	0	45.15
17.40%	11.4	0	0	45.15
15.90%	11.6	1	0.26	45.41
14.50%	11.8	0	0	45.41
13.00%	12	0	0	45.41
11.60%	12.2	1	0.26	45.66
10.10%	12.4	0	0	45.66
8.70%	12.6	1	0.26	45.92
7.20%	12.8	0	0	45.92
5.80%	13	1	0.26	46.17
4.30%	13.2	0	0	46.17
2.90%	13.4	0	0	46.17
1.40%	13.6	2	0.51	46.68
0.00%	13.8	0	0	46.68
0.90%	14	0	0	46.68
1.90%	14.2	0	0	46.68
2.80%	14.4	0	0	46.68
3.70%	14.6	0	0	46.68
4.60%	14.8	0	0	46.68
5.60%	15	1	0.26	46.94
6.50%	15.2	0	0	46.94
7.40%	15.4	0	0	46.94
8.30%	15.6	0	0	46.94
9.30%	15.8	0	0	46.94
10.20%	16	0	0	46.94
11.10%	16.2	0	0	46.94
12.00%	16.4	0	0	46.94
13.00%	16.6	0	0	46.94
13.90%	16.8	0	0	46.94
14.80%	17	3	0.77	47.7
15.70%	17.2	3	0.77	48.47
16.70%	17.4	3	0.77	49.23
17.60%	17.6	1	0.26	49.49
18.50%	17.8	0	0	49.49
19.40%	18	0	0	49.49
20.40%	18.2	2	0.51	50
21.30%	18.4	0	0	50
22.20%	18.6	1	0.26	50.26
23.10%	18.8	2	0.51	50.77
24.10%	19	2	0.51	51.28
25.00%	19.2	2	0.51	51.79
25.90%	19.4	0	0	51.79
26.90%	19.6	2	0.51	52.3
27.80%	19.8	1	0.26	52.55
28.70%	20	2	0.51	53.06
29.60%	20.2	0	0	53.06
30.60%	20.4	3	0.77	53.83
31.50%	20.6	2	0.51	54.34
32.40%	20.8	2	0.51	54.85
33.30%	21	1	0.26	55.1
34.30%	21.2	2	0.51	55.61
35.20%	21.4	0	0	55.61
36.10%	21.6	1	0.26	55.87
37.00%	21.8	0	0	55.87
38.00%	22	0	0	55.87
38.90%	22.2	3	0.77	56.63
39.80%	22.4	0	0	56.63
40.70%	22.6	1	0.26	56.89
41.70%	22.8	1	0.26	57.14
42.60%	23	2	0.51	57.65
43.50%	23.2	2	0.51	58.16
44.40%	23.4	0	0	58.16
45.40%	23.6	3	0.77	58.93
46.30%	23.8	2	0.51	59.44
47.20%	24	2	0.51	59.95
48.10%	24.2	2	0.51	60.46
49.10%	24.4	2	0.51	60.97
50.00%	24.6	2	0.51	61.48
50.90%	24.8	0	0	61.48
51.90%	25	3	0.77	62.24
52.80%	25.2	4	1.02	63.27
53.70%	25.4	3	0.77	64.03
54.60%	25.6	3	0.77	64.8
55.60%	25.8	6	1.53	66.33
56.50%	26	3	0.77	67.09
57.40%	26.2	2	0.51	67.6
58.30%	26.4	1	0.26	67.86
59.30%	26.6	1	0.26	68.11
60.20%	26.8	3	0.77	68.88
61.10%	27	3	0.77	69.64
62.00%	27.2	2	0.51	70.15
63.00%	27.4	0	0	70.15
63.90%	27.6	1	0.26	70.41
64.80%	27.8	1	0.26	70.66
65.70%	28	2	0.51	71.17
66.70%	28.2	2	0.51	71.68
67.60%	28.4	1	0.26	71.94
69.40%	28.8	4	1.02	72.96
68.50%	28.6	2	0.51	73.47
70.40%	29	2	0.51	73.98
71.30%	29.2	3	0.77	74.74
72.20%	29.4	4	1.02	75.77
73.10%	29.6	4	1.02	76.79
74.10%	29.8	1	0.26	77.04
75.00%	30	1	0.26	77.3
75.90%	30.2	0	0	77.3
76.90%	30.4	3	0.77	78.06
77.80%	30.6	1	0.26	78.32
78.70%	30.8	4	1.02	79.34
79.60%	31	1	0.26	79.59
80.60%	31.2	2	0.51	80.1
81.50%	31.4	3	0.77	80.87
82.40%	31.6	2	0.51	81.38
83.30%	31.8	3	0.77	82.14
84.30%	32	5	1.28	83.42
85.20%	32.2	4	1.02	84.44
86.10%	32.4	2	0.51	84.95
87.00%	32.6	5	1.28	86.22
88.00%	32.8	0	0	86.22
88.90%	33	8	2.04	88.27
89.80%	33.2	7	1.79	90.05
90.70%	33.4	4	1.02	91.07
91.70%	33.6	8	2.04	93.11
92.60%	33.8	2	0.51	93.62
93.50%	34	5	1.28	94.9
94.40%	34.2	9	2.3	97.19
95.40%	34.4	5	1.28	98.47
96.30%	34.6	5	1.28	99.74
97.20%	34.8	7	1.79	101.53
98.10%	35	12	3.06	104.59
99.10%	35.2	9	2.3	106.89
100.00%	35.4	1	0.26	107.14
