#SC5	um	cM		
#SA len	17	53.94		
#LA len	18.7	56.65		
#total len	35.7	110.59		
#
#	Number of SCs = 	203		
#
#% arm distance from centromere	SC5 Bin	RN Freq	cM per interval	cumulative cM
#100.00%	0			
98.80%	0.2	6	1.48	1.48
97.60%	0.4	6	1.48	2.96
96.50%	0.6	9	2.22	5.17
95.30%	0.8	10	2.46	7.64
94.10%	1	11	2.71	10.34
92.90%	1.2	17	4.19	14.53
91.80%	1.4	11	2.71	17.24
90.60%	1.6	6	1.48	18.72
89.40%	1.8	4	0.99	19.7
88.20%	2	4	0.99	20.69
87.10%	2.2	4	0.99	21.67
85.90%	2.4	7	1.72	23.4
84.70%	2.6	9	2.22	25.62
83.50%	2.8	1	0.25	25.86
82.40%	3	5	1.23	27.09
81.20%	3.2	6	1.48	28.57
80.00%	3.4	10	2.46	31.03
78.80%	3.6	4	0.99	32.02
77.60%	3.8	3	0.74	32.76
76.50%	4	1	0.25	33
75.30%	4.2	2	0.49	33.5
74.10%	4.4	5	1.23	34.73
72.90%	4.6	8	1.97	36.7
71.80%	4.8	2	0.49	37.19
70.60%	5	2	0.49	37.68
69.40%	5.2	3	0.74	38.42
68.20%	5.4	1	0.25	38.67
67.10%	5.6	0	0	38.67
65.90%	5.8	5	1.23	39.9
64.70%	6	3	0.74	40.64
63.50%	6.2	1	0.25	40.89
62.40%	6.4	3	0.74	41.63
61.20%	6.6	0	0	41.63
60.00%	6.8	3	0.74	42.36
58.80%	7	1	0.25	42.61
57.60%	7.2	2	0.49	43.1
56.50%	7.4	0	0	43.1
55.30%	7.6	2	0.49	43.6
54.10%	7.8	2	0.49	44.09
52.90%	8	3	0.74	44.83
51.80%	8.2	1	0.25	45.07
50.60%	8.4	1	0.25	45.32
49.40%	8.6	0	0	45.32
48.20%	8.8	0	0	45.32
47.10%	9	2	0.49	45.81
45.90%	9.2	3	0.74	46.55
44.70%	9.4	2	0.49	47.04
43.50%	9.6	0	0	47.04
42.40%	9.8	1	0.25	47.29
41.20%	10	1	0.25	47.54
40.00%	10.2	1	0.25	47.78
38.80%	10.4	1	0.25	48.03
37.60%	10.6	1	0.25	48.28
36.50%	10.8	2	0.49	48.77
35.30%	11	1	0.25	49.01
34.10%	11.2	2	0.49	49.51
32.90%	11.4	1	0.25	49.75
31.80%	11.6	4	0.99	50.74
30.60%	11.8	0	0	50.74
29.40%	12	0	0	50.74
28.20%	12.2	2	0.49	51.23
27.10%	12.4	0	0	51.23
25.90%	12.6	1	0.25	51.48
24.70%	12.8	0	0	51.48
23.50%	13	0	0	51.48
22.40%	13.2	1	0.25	51.72
21.20%	13.4	0	0	51.72
20.00%	13.6	2	0.49	52.22
18.80%	13.8	0	0	52.22
17.60%	14	1	0.25	52.46
16.50%	14.2	0	0	52.46
15.30%	14.4	0	0	52.46
14.10%	14.6	3	0.74	53.2
12.90%	14.8	1	0.25	53.45
11.80%	15	0	0	53.45
10.60%	15.2	0	0	53.45
9.40%	15.4	0	0	53.45
8.20%	15.6	0	0	53.45
7.10%	15.8	0	0	53.45
5.90%	16	2	0.49	53.94
4.70%	16.2	0	0	53.94
3.50%	16.4	0	0	53.94
2.40%	16.6	0	0	53.94
1.20%	16.8	0	0	53.94
0.00%	17	0	0	53.94
1.60%	17.3	0	0	53.94
2.70%	17.5	0	0	53.94
3.70%	17.7	1	0.25	54.19
4.80%	17.9	0	0	54.19
5.90%	18.1	0	0	54.19
7.00%	18.3	0	0	54.19
8.00%	18.5	0	0	54.19
9.10%	18.7	0	0	54.19
10.20%	18.9	0	0	54.19
11.20%	19.1	0	0	54.19
12.30%	19.3	0	0	54.19
13.40%	19.5	0	0	54.19
14.40%	19.7	0	0	54.19
15.50%	19.9	0	0	54.19
16.60%	20.1	2	0.49	54.68
17.60%	20.3	0	0	54.68
18.70%	20.5	0	0	54.68
19.80%	20.7	1	0.25	54.93
20.90%	20.9	1	0.25	55.17
21.90%	21.1	1	0.25	55.42
23.00%	21.3	2	0.49	55.91
24.10%	21.5	2	0.49	56.4
25.10%	21.7	0	0	56.4
26.20%	21.9	2	0.49	56.9
27.30%	22.1	1	0.25	57.14
28.30%	22.3	1	0.25	57.39
29.40%	22.5	0	0	57.39
30.50%	22.7	0	0	57.39
31.60%	22.9	2	0.49	57.88
32.60%	23.1	0	0	57.88
33.70%	23.3	0	0	57.88
34.80%	23.5	0	0	57.88
35.80%	23.7	2	0.49	58.37
36.90%	23.9	3	0.74	59.11
38.00%	24.1	1	0.25	59.36
39.00%	24.3	1	0.25	59.61
40.10%	24.5	2	0.49	60.1
41.20%	24.7	3	0.74	60.84
42.20%	24.9	1	0.25	61.08
43.30%	25.1	2	0.49	61.58
44.40%	25.3	0	0	61.58
45.50%	25.5	3	0.74	62.32
46.50%	25.7	5	1.23	63.55
47.60%	25.9	3	0.74	64.29
48.70%	26.1	2	0.49	64.78
49.70%	26.3	0	0	64.78
50.80%	26.5	3	0.74	65.52
51.90%	26.7	1	0.25	65.76
52.90%	26.9	0	0	65.76
54.00%	27.1	2	0.49	66.26
55.10%	27.3	2	0.49	66.75
56.10%	27.5	4	0.99	67.73
57.20%	27.7	2	0.49	68.23
58.30%	27.9	2	0.49	68.72
59.40%	28.1	3	0.74	69.46
60.40%	28.3	2	0.49	69.95
61.50%	28.5	1	0.25	70.2
62.60%	28.7	1	0.25	70.44
63.60%	28.9	3	0.74	71.18
64.70%	29.1	4	0.99	72.17
65.80%	29.3	1	0.25	72.41
66.80%	29.5	2	0.49	72.91
67.90%	29.7	1	0.25	73.15
69.00%	29.9	1	0.25	73.4
70.10%	30.1	1	0.25	73.65
71.10%	30.3	0	0	73.65
72.20%	30.5	2	0.49	74.14
73.30%	30.7	2	0.49	74.63
74.30%	30.9	5	1.23	75.86
75.40%	31.1	3	0.74	76.6
76.50%	31.3	4	0.99	77.59
77.50%	31.5	2	0.49	78.08
78.60%	31.7	3	0.74	78.82
79.70%	31.9	5	1.23	80.05
80.70%	32.1	6	1.48	81.53
81.80%	32.3	2	0.49	82.02
82.90%	32.5	12	2.96	84.98
84.00%	32.7	5	1.23	86.21
85.00%	32.9	15	3.69	89.9
86.10%	33.1	1	0.25	90.15
87.20%	33.3	4	0.99	91.13
88.20%	33.5	4	0.99	92.12
89.30%	33.7	7	1.72	93.84
90.40%	33.9	5	1.23	95.07
91.40%	34.1	7	1.72	96.8
92.50%	34.3	4	0.99	97.78
93.60%	34.5	10	2.46	100.25
94.70%	34.7	8	1.97	102.22
95.70%	34.9	7	1.72	103.94
96.80%	35.1	7	1.72	105.67
97.90%	35.3	9	2.22	107.88
98.90%	35.5	6	1.48	109.36
100.00%	35.7	5	1.23	110.59
