#SC6	um	cM		
#SA 	8.1	27.56		
#LA 	21.4	63.07		
#total 	29.5	90.63		
#
#	Number of SCs = 	176		
#
#% arm distance from centromere	SC6 Bin	RN Freq	cM per interval	cumulative cM
#100.00%	0			
97.50%	0.2	2	0.57	0.57
95.10%	0.4	3	0.85	1.42
92.60%	0.6	6	1.7	3.13
90.10%	0.8	7	1.99	5.11
87.70%	1	9	2.56	7.67
85.20%	1.2	4	1.14	8.81
82.70%	1.4	10	2.84	11.65
80.20%	1.6	4	1.14	12.78
77.80%	1.8	3	0.85	13.64
75.30%	2	7	1.99	15.63
72.80%	2.2	5	1.42	17.05
70.40%	2.4	2	0.57	17.61
67.90%	2.6	3	0.85	18.47
65.40%	2.8	0	0	18.47
63.00%	3	3	0.85	19.32
60.50%	3.2	1	0.28	19.6
58.00%	3.4	6	1.7	21.31
55.60%	3.6	3	0.85	22.16
53.10%	3.8	0	0	22.16
50.60%	4	2	0.57	22.73
48.10%	4.2	0	0	22.73
45.70%	4.4	5	1.42	24.15
43.20%	4.6	1	0.28	24.43
40.70%	4.8	1	0.28	24.72
38.30%	5	1	0.28	25
35.80%	5.2	0	0	25
33.30%	5.4	0	0	25
30.90%	5.6	2	0.57	25.57
28.40%	5.8	1	0.28	25.85
25.90%	6	1	0.28	26.14
23.50%	6.2	1	0.28	26.42
21.00%	6.4	1	0.28	26.7
18.50%	6.6	1	0.28	26.99
16.00%	6.8	1	0.28	27.27
13.60%	7	1	0.28	27.56
11.10%	7.2	0	0	27.56
8.60%	7.4	0	0	27.56
6.20%	7.6	0	0	27.56
3.70%	7.8	0	0	27.56
0.00%	8.1	0	0	27.56
0.90%	8.3	0	0	27.56
1.90%	8.5	0	0	27.56
2.80%	8.7	1	0.28	27.84
3.70%	8.9	0	0	27.84
4.70%	9.1	0	0	27.84
5.60%	9.3	0	0	27.84
6.50%	9.5	1	0.28	28.13
7.50%	9.7	0	0	28.13
8.40%	9.9	1	0.28	28.41
9.30%	10.1	0	0	28.41
10.30%	10.3	1	0.28	28.69
11.20%	10.5	0	0	28.69
12.10%	10.7	1	0.28	28.98
13.10%	10.9	0	0	28.98
14.00%	11.1	0	0	28.98
15.00%	11.3	0	0	28.98
15.90%	11.5	0	0	28.98
16.80%	11.7	3	0.85	29.83
17.80%	11.9	3	0.85	30.68
18.70%	12.1	0	0	30.68
19.60%	12.3	1	0.28	30.97
20.60%	12.5	0	0	30.97
21.50%	12.7	1	0.28	31.25
22.40%	12.9	0	0	31.25
23.40%	13.1	2	0.57	31.82
24.30%	13.3	2	0.57	32.39
25.20%	13.5	1	0.28	32.67
26.20%	13.7	2	0.57	33.24
27.10%	13.9	2	0.57	33.81
28.00%	14.1	0	0	33.81
29.00%	14.3	0	0	33.81
29.90%	14.5	0	0	33.81
30.80%	14.7	3	0.85	34.66
31.80%	14.9	1	0.28	34.94
32.70%	15.1	1	0.28	35.23
33.60%	15.3	1	0.28	35.51
34.60%	15.5	2	0.57	36.08
35.50%	15.7	1	0.28	36.36
36.40%	15.9	1	0.28	36.65
37.40%	16.1	2	0.57	37.22
38.30%	16.3	0	0	37.22
39.30%	16.5	1	0.28	37.5
40.20%	16.7	2	0.57	38.07
41.10%	16.9	2	0.57	38.64
42.10%	17.1	2	0.57	39.2
43.00%	17.3	0	0	39.2
43.90%	17.5	1	0.28	39.49
44.90%	17.7	1	0.28	39.77
45.80%	17.9	3	0.85	40.63
46.70%	18.1	2	0.57	41.19
47.70%	18.3	1	0.28	41.48
48.60%	18.5	5	1.42	42.9
49.50%	18.7	1	0.28	43.18
50.50%	18.9	3	0.85	44.03
51.40%	19.1	1	0.28	44.32
52.30%	19.3	3	0.85	45.17
53.30%	19.5	2	0.57	45.74
54.20%	19.7	2	0.57	46.31
55.10%	19.9	1	0.28	46.59
56.10%	20.1	0	0	46.59
57.00%	20.3	1	0.28	46.88
57.90%	20.5	0	0	46.88
58.90%	20.7	0	0	46.88
59.80%	20.9	1	0.28	47.16
60.70%	21.1	2	0.57	47.73
61.70%	21.3	1	0.28	48.01
62.60%	21.5	3	0.85	48.86
63.60%	21.7	2	0.57	49.43
64.50%	21.9	4	1.14	50.57
65.40%	22.1	4	1.14	51.7
66.40%	22.3	2	0.57	52.27
67.30%	22.5	2	0.57	52.84
68.20%	22.7	4	1.14	53.98
69.20%	22.9	3	0.85	54.83
70.10%	23.1	0	0	54.83
71.00%	23.3	3	0.85	55.68
72.00%	23.5	0	0	55.68
72.90%	23.7	2	0.57	56.25
73.80%	23.9	1	0.28	56.53
74.80%	24.1	3	0.85	57.39
75.70%	24.3	3	0.85	58.24
76.60%	24.5	4	1.14	59.38
77.60%	24.7	5	1.42	60.8
78.50%	24.9	2	0.57	61.36
79.40%	25.1	2	0.57	61.93
80.40%	25.3	2	0.57	62.5
81.30%	25.5	5	1.42	63.92
82.20%	25.7	7	1.99	65.91
83.20%	25.9	3	0.85	66.76
84.10%	26.1	4	1.14	67.9
85.00%	26.3	6	1.7	69.6
86.00%	26.5	0	0	69.6
86.90%	26.7	3	0.85	70.45
87.90%	26.9	6	1.7	72.16
88.80%	27.1	4	1.14	73.3
89.70%	27.3	9	2.56	75.85
90.70%	27.5	3	0.85	76.7
91.60%	27.7	8	2.27	78.98
92.50%	27.9	5	1.42	80.4
93.50%	28.1	6	1.7	82.1
94.40%	28.3	4	1.14	83.24
95.30%	28.5	3	0.85	84.09
96.30%	28.7	4	1.14	85.23
97.20%	28.9	5	1.42	86.65
98.10%	29.1	7	1.99	88.64
99.10%	29.3	6	1.7	90.34
100.00%	29.5	1	0.28	90.63
