#SC7	um	cM		
#SA 	7.7	28.93		
#LA 	21.1	64.05		
#total 	28.8	92.98		
#
#	Number of SCs = 	178		
#
#% arm distance from centromere	SC7 Bin	RN Freq	cM per interval	cumulative cM
#100.00%	0			
97.40%	0.2	3	0.84	0.84
94.80%	0.4	5	1.4	2.25
92.20%	0.6	2	0.56	2.81
89.60%	0.8	16	4.49	7.3
87.00%	1	8	2.25	9.55
84.40%	1.2	9	2.53	12.08
81.80%	1.4	5	1.4	13.48
79.20%	1.6	4	1.12	14.61
76.60%	1.8	5	1.4	16.01
74.00%	2	2	0.56	16.57
71.40%	2.2	6	1.69	18.26
68.80%	2.4	3	0.84	19.1
66.20%	2.6	2	0.56	19.66
63.60%	2.8	2	0.56	20.22
61.00%	3	1	0.28	20.51
58.40%	3.2	3	0.84	21.35
55.80%	3.4	5	1.4	22.75
53.20%	3.6	1	0.28	23.03
50.60%	3.8	1	0.28	23.31
48.10%	4	2	0.56	23.88
45.50%	4.2	3	0.84	24.72
42.90%	4.4	1	0.28	25
40.30%	4.6	1	0.28	25.28
37.70%	4.8	3	0.84	26.12
35.10%	5	2	0.56	26.69
32.50%	5.2	1	0.28	26.97
29.90%	5.4	0	0	26.97
27.30%	5.6	1	0.28	27.25
24.70%	5.8	2	0.56	27.81
22.10%	6	1	0.28	28.09
19.50%	6.2	1	0.28	28.37
16.90%	6.4	0	0	28.37
14.30%	6.6	1	0.28	28.65
11.70%	6.8	1	0.28	28.93
9.10%	7	0	0	28.93
6.50%	7.2	0	0	28.93
3.90%	7.4	0	0	28.93
0.00%	7.7	0	0	28.93
0.50%	7.8	0	0	28.93
1.40%	8	0	0	28.93
2.40%	8.2	0	0	28.93
3.30%	8.4	0	0	28.93
4.30%	8.6	0	0	28.93
5.20%	8.8	0	0	28.93
6.20%	9	2	0.56	29.49
7.10%	9.2	0	0	29.49
8.10%	9.4	0	0	29.49
9.00%	9.6	0	0	29.49
10.00%	9.8	0	0	29.49
10.90%	10	0	0	29.49
11.80%	10.2	0	0	29.49
12.80%	10.4	0	0	29.49
13.70%	10.6	0	0	29.49
14.70%	10.8	0	0	29.49
15.60%	11	0	0	29.49
16.60%	11.2	0	0	29.49
17.50%	11.4	1	0.28	29.78
18.50%	11.6	0	0	29.78
19.40%	11.8	2	0.56	30.34
20.40%	12	1	0.28	30.62
21.30%	12.2	0	0	30.62
22.30%	12.4	2	0.56	31.18
23.20%	12.6	3	0.84	32.02
24.20%	12.8	2	0.56	32.58
25.10%	13	0	0	32.58
26.10%	13.2	2	0.56	33.15
27.00%	13.4	1	0.28	33.43
28.00%	13.6	0	0	33.43
28.90%	13.8	1	0.28	33.71
29.90%	14	1	0.28	33.99
30.80%	14.2	4	1.12	35.11
31.80%	14.4	0	0	35.11
32.70%	14.6	2	0.56	35.67
33.60%	14.8	3	0.84	36.52
34.60%	15	2	0.56	37.08
35.50%	15.2	1	0.28	37.36
36.50%	15.4	0	0	37.36
37.40%	15.6	1	0.28	37.64
38.40%	15.8	1	0.28	37.92
39.30%	16	2	0.56	38.48
40.30%	16.2	3	0.84	39.33
41.20%	16.4	1	0.28	39.61
42.20%	16.6	1	0.28	39.89
43.10%	16.8	2	0.56	40.45
44.10%	17	1	0.28	40.73
45.00%	17.2	0	0	40.73
46.00%	17.4	0	0	40.73
46.90%	17.6	1	0.28	41.01
47.90%	17.8	0	0	41.01
48.80%	18	2	0.56	41.57
49.80%	18.2	1	0.28	41.85
50.70%	18.4	2	0.56	42.42
51.70%	18.6	1	0.28	42.7
52.60%	18.8	3	0.84	43.54
53.60%	19	2	0.56	44.1
54.50%	19.2	1	0.28	44.38
55.50%	19.4	1	0.28	44.66
56.40%	19.6	6	1.69	46.35
57.30%	19.8	3	0.84	47.19
58.30%	20	0	0	47.19
59.20%	20.2	1	0.28	47.47
60.20%	20.4	3	0.84	48.31
61.10%	20.6	0	0	48.31
62.10%	20.8	2	0.56	48.88
63.00%	21	1	0.28	49.16
64.00%	21.2	0	0	49.16
64.90%	21.4	3	0.84	50
65.90%	21.6	4	1.12	51.12
66.80%	21.8	3	0.84	51.97
67.80%	22	3	0.84	52.81
68.70%	22.2	0	0	52.81
69.70%	22.4	3	0.84	53.65
70.60%	22.6	3	0.84	54.49
71.60%	22.8	1	0.28	54.78
72.50%	23	4	1.12	55.9
73.50%	23.2	2	0.56	56.46
74.40%	23.4	6	1.69	58.15
75.40%	23.6	3	0.84	58.99
76.30%	23.8	2	0.56	59.55
77.30%	24	3	0.84	60.39
78.20%	24.2	3	0.84	61.24
79.10%	24.4	5	1.4	62.64
80.10%	24.6	2	0.56	63.2
81.00%	24.8	6	1.69	64.89
82.00%	25	0	0	64.89
82.90%	25.2	8	2.25	67.13
83.90%	25.4	6	1.69	68.82
84.80%	25.6	6	1.69	70.51
85.80%	25.8	6	1.69	72.19
86.70%	26	6	1.69	73.88
87.70%	26.2	4	1.12	75
88.60%	26.4	4	1.12	76.12
89.60%	26.6	3	0.84	76.97
90.50%	26.8	2	0.56	77.53
91.50%	27	1	0.28	77.81
92.40%	27.2	7	1.97	79.78
93.40%	27.4	2	0.56	80.34
94.30%	27.6	3	0.84	81.18
95.30%	27.8	3	0.84	82.02
96.20%	28	8	2.25	84.27
97.20%	28.2	9	2.53	86.8
98.10%	28.4	14	3.93	90.73
99.10%	28.6	7	1.97	92.7
100.00%	28.8	1	0.28	92.98
