#SC8	um	cM		
#SA 	7	30.15		
#LA 	21.1	60.06		
#total 	28.1	90.21		
#
#	Number of SCs = 	194		
#
#% arm distance from centromere	 SC8 Bin	RN Freq	cM per interval	cumulative cM
#100.00%	0			
97.10%	0.2	4	1.03	1.03
94.30%	0.4	4	1.03	2.06
91.40%	0.6	6	1.55	3.61
88.60%	0.8	4	1.03	4.64
85.70%	1	7	1.8	6.44
82.90%	1.2	7	1.8	8.25
80.00%	1.4	4	1.03	9.28
77.10%	1.6	5	1.29	10.57
74.30%	1.8	6	1.55	12.11
71.40%	2	8	2.06	14.18
68.60%	2.2	6	1.55	15.72
65.70%	2.4	5	1.29	17.01
62.90%	2.6	4	1.03	18.04
60.00%	2.8	5	1.29	19.33
57.10%	3	5	1.29	20.62
54.30%	3.2	6	1.55	22.16
51.40%	3.4	4	1.03	23.2
48.60%	3.6	8	2.06	25.26
45.70%	3.8	3	0.77	26.03
42.90%	4	2	0.52	26.55
40.00%	4.2	1	0.26	26.8
37.10%	4.4	1	0.26	27.06
34.30%	4.6	1	0.26	27.32
31.40%	4.8	2	0.52	27.84
28.60%	5	1	0.26	28.09
25.70%	5.2	1	0.26	28.35
22.90%	5.4	2	0.52	28.87
20.00%	5.6	3	0.77	29.64
17.10%	5.8	1	0.26	29.9
14.30%	6	1	0.26	30.15
11.40%	6.2	0	0	30.15
8.60%	6.4	0	0	30.15
5.70%	6.6	0	0	30.15
2.90%	6.8	0	0	30.15
0.00%	7	0	0	30.15
1.40%	7.3	0	0	30.15
2.40%	7.5	1	0.26	30.41
3.30%	7.7	0	0	30.41
4.30%	7.9	0	0	30.41
5.20%	8.1	0	0	30.41
6.20%	8.3	0	0	30.41
7.10%	8.5	0	0	30.41
8.10%	8.7	0	0	30.41
9.00%	8.9	0	0	30.41
10.00%	9.1	0	0	30.41
10.90%	9.3	1	0.26	30.67
11.80%	9.5	0	0	30.67
12.80%	9.7	1	0.26	30.93
13.70%	9.9	1	0.26	31.19
14.70%	10.1	1	0.26	31.44
15.60%	10.3	3	0.77	32.22
16.60%	10.5	3	0.77	32.99
17.50%	10.7	2	0.52	33.51
18.50%	10.9	1	0.26	33.76
19.40%	11.1	2	0.52	34.28
20.40%	11.3	1	0.26	34.54
21.30%	11.5	1	0.26	34.79
22.30%	11.7	0	0	34.79
23.20%	11.9	2	0.52	35.31
24.20%	12.1	0	0	35.31
25.10%	12.3	2	0.52	35.82
26.10%	12.5	1	0.26	36.08
27.00%	12.7	0	0	36.08
28.00%	12.9	0	0	36.08
28.90%	13.1	2	0.52	36.6
29.90%	13.3	2	0.52	37.11
30.80%	13.5	1	0.26	37.37
31.80%	13.7	0	0	37.37
32.70%	13.9	0	0	37.37
33.60%	14.1	0	0	37.37
34.60%	14.3	2	0.52	37.89
35.50%	14.5	2	0.52	38.4
36.50%	14.7	1	0.26	38.66
37.40%	14.9	1	0.26	38.92
38.40%	15.1	0	0	38.92
39.30%	15.3	0	0	38.92
40.30%	15.5	3	0.77	39.69
41.20%	15.7	1	0.26	39.95
42.20%	15.9	1	0.26	40.21
43.10%	16.1	0	0	40.21
44.10%	16.3	2	0.52	40.72
45.00%	16.5	2	0.52	41.24
46.00%	16.7	0	0	41.24
46.90%	16.9	0	0	41.24
47.90%	17.1	2	0.52	41.75
48.80%	17.3	1	0.26	42.01
49.80%	17.5	0	0	42.01
50.70%	17.7	1	0.26	42.27
51.70%	17.9	2	0.52	42.78
52.60%	18.1	1	0.26	43.04
53.60%	18.3	1	0.26	43.3
54.50%	18.5	1	0.26	43.56
55.50%	18.7	0	0	43.56
56.40%	18.9	1	0.26	43.81
57.30%	19.1	2	0.52	44.33
58.30%	19.3	0	0	44.33
59.20%	19.5	0	0	44.33
60.20%	19.7	2	0.52	44.85
61.10%	19.9	2	0.52	45.36
62.10%	20.1	0	0	45.36
63.00%	20.3	1	0.26	45.62
64.00%	20.5	0	0	45.62
64.90%	20.7	1	0.26	45.88
65.90%	20.9	4	1.03	46.91
66.80%	21.1	1	0.26	47.16
67.80%	21.3	4	1.03	48.2
68.70%	21.5	5	1.29	49.48
69.70%	21.7	2	0.52	50
70.60%	21.9	3	0.77	50.77
71.60%	22.1	2	0.52	51.29
72.50%	22.3	0	0	51.29
73.50%	22.5	5	1.29	52.58
74.40%	22.7	5	1.29	53.87
75.40%	22.9	2	0.52	54.38
76.30%	23.1	6	1.55	55.93
77.30%	23.3	9	2.32	58.25
78.20%	23.5	5	1.29	59.54
79.10%	23.7	7	1.8	61.34
80.10%	23.9	6	1.55	62.89
81.00%	24.1	4	1.03	63.92
82.00%	24.3	0	0	63.92
82.90%	24.5	2	0.52	64.43
83.90%	24.7	5	1.29	65.72
84.80%	24.9	3	0.77	66.49
85.80%	25.1	3	0.77	67.27
86.70%	25.3	5	1.29	68.56
87.70%	25.5	3	0.77	69.33
88.60%	25.7	4	1.03	70.36
89.60%	25.9	3	0.77	71.13
90.50%	26.1	8	2.06	73.2
91.50%	26.3	1	0.26	73.45
92.40%	26.5	7	1.8	75.26
93.40%	26.7	3	0.77	76.03
94.30%	26.9	7	1.8	77.84
95.30%	27.1	4	1.03	78.87
96.20%	27.3	8	2.06	80.93
97.20%	27.5	6	1.55	82.47
98.10%	27.7	14	3.61	86.08
99.10%	27.9	13	3.35	89.43
100.00%	28.1	3	0.77	90.21
