#SC9	um	cM		
#SA 	8.7	37.61		
#LA 	16.8	55.13		
#total 	25.5	92.74		
#
#	Number of SCs = 	234		
#
#% arm distance from centromere	SC9 Bin	RN Freq	cM per interval	cumulative cM
#100.00%	0			
97.70%	0.2	3	0.64	0.64
95.40%	0.4	11	2.35	2.99
93.10%	0.6	12	2.56	5.56
90.80%	0.8	11	2.35	7.91
88.50%	1	6	1.28	9.19
86.20%	1.2	6	1.28	10.47
83.90%	1.4	9	1.92	12.39
81.60%	1.6	5	1.07	13.46
79.30%	1.8	8	1.71	15.17
77.00%	2	9	1.92	17.09
74.70%	2.2	5	1.07	18.16
72.40%	2.4	5	1.07	19.23
70.10%	2.6	6	1.28	20.51
67.80%	2.8	3	0.64	21.15
65.50%	3	3	0.64	21.79
63.20%	3.2	4	0.85	22.65
60.90%	3.4	6	1.28	23.93
58.60%	3.6	4	0.85	24.79
56.30%	3.8	8	1.71	26.5
54.00%	4	3	0.64	27.14
51.70%	4.2	10	2.14	29.27
49.40%	4.4	9	1.92	31.2
47.10%	4.6	6	1.28	32.48
44.80%	4.8	4	0.85	33.33
42.50%	5	2	0.43	33.76
42.50%	5	0	0	33.76
40.20%	5.2	4	0.85	34.62
37.90%	5.4	5	1.07	35.68
35.60%	5.6	2	0.43	36.11
33.30%	5.8	2	0.43	36.54
31.00%	6	0	0	36.54
28.70%	6.2	1	0.21	36.75
26.40%	6.4	0	0	36.75
24.10%	6.6	0	0	36.75
21.80%	6.8	2	0.43	37.18
19.50%	7	0	0	37.18
17.20%	7.2	0	0	37.18
14.90%	7.4	0	0	37.18
12.60%	7.6	0	0	37.18
10.30%	7.8	0	0	37.18
8.00%	8	1	0.21	37.39
5.70%	8.2	1	0.21	37.61
3.40%	8.4	0	0	37.61
0.00%	8.7	0	0	37.61
1.20%	8.9	0	0	37.61
2.40%	9.1	0	0	37.61
3.60%	9.3	1	0.21	37.82
4.80%	9.5	0	0	37.82
6.00%	9.7	0	0	37.82
7.10%	9.9	1	0.21	38.03
8.30%	10.1	0	0	38.03
9.50%	10.3	1	0.21	38.25
10.70%	10.5	0	0	38.25
11.90%	10.7	2	0.43	38.68
13.10%	10.9	1	0.21	38.89
14.30%	11.1	0	0	38.89
15.50%	11.3	0	0	38.89
16.70%	11.5	0	0	38.89
17.90%	11.7	1	0.21	39.1
19.00%	11.9	2	0.43	39.53
20.20%	12.1	0	0	39.53
21.40%	12.3	0	0	39.53
22.60%	12.5	2	0.43	39.96
23.80%	12.7	2	0.43	40.38
25.00%	12.9	0	0	40.38
26.20%	13.1	1	0.21	40.6
27.40%	13.3	1	0.21	40.81
28.60%	13.5	2	0.43	41.24
29.80%	13.7	1	0.21	41.45
31.00%	13.9	0	0	41.45
32.10%	14.1	6	1.28	42.74
33.30%	14.3	0	0	42.74
34.50%	14.5	1	0.21	42.95
35.70%	14.7	3	0.64	43.59
36.90%	14.9	4	0.85	44.44
38.10%	15.1	5	1.07	45.51
39.30%	15.3	0	0	45.51
40.50%	15.5	0	0	45.51
41.70%	15.7	2	0.43	45.94
42.90%	15.9	3	0.64	46.58
44.00%	16.1	2	0.43	47.01
45.20%	16.3	2	0.43	47.44
46.40%	16.5	3	0.64	48.08
47.60%	16.7	2	0.43	48.5
48.80%	16.9	1	0.21	48.72
50.00%	17.1	7	1.5	50.21
51.20%	17.3	3	0.64	50.85
52.40%	17.5	0	0	50.85
53.60%	17.7	3	0.64	51.5
54.80%	17.9	3	0.64	52.14
56.00%	18.1	2	0.43	52.56
57.10%	18.3	3	0.64	53.21
58.30%	18.5	2	0.43	53.63
59.50%	18.7	0	0	53.63
60.70%	18.9	2	0.43	54.06
61.90%	19.1	2	0.43	54.49
63.10%	19.3	10	2.14	56.62
64.30%	19.5	1	0.21	56.84
65.50%	19.7	4	0.85	57.69
66.70%	19.9	1	0.21	57.91
67.90%	20.1	4	0.85	58.76
69.00%	20.3	2	0.43	59.19
70.20%	20.5	4	0.85	60.04
71.40%	20.7	9	1.92	61.97
72.60%	20.9	1	0.21	62.18
73.80%	21.1	4	0.85	63.03
75.00%	21.3	10	2.14	65.17
76.20%	21.5	4	0.85	66.03
77.40%	21.7	6	1.28	67.31
78.60%	21.9	5	1.07	68.38
79.80%	22.1	4	0.85	69.23
81.00%	22.3	5	1.07	70.3
82.10%	22.5	10	2.14	72.44
83.30%	22.7	7	1.5	73.93
84.50%	22.9	4	0.85	74.79
85.70%	23.1	5	1.07	75.85
86.90%	23.3	5	1.07	76.92
88.10%	23.5	8	1.71	78.63
89.30%	23.7	5	1.07	79.7
90.50%	23.9	6	1.28	80.98
91.70%	24.1	6	1.28	82.26
92.90%	24.3	9	1.92	84.19
94.00%	24.5	10	2.14	86.32
95.20%	24.7	6	1.28	87.61
96.40%	24.9	6	1.28	88.89
97.60%	25.1	5	1.07	89.96
98.80%	25.3	9	1.92	91.88
100.00%	25.5	4	0.85	92.74
