1.000	0.00	0
0.970	0.00	0.2
0.940	0.40	0.4
0.910	0.60	0.6
0.881	2.21	0.8
0.851	3.82	1
0.821	6.22	1.2
0.791	8.84	1.4
0.761	11.45	1.6
0.731	14.46	1.8
0.701	16.67	2
0.672	18.47	2.2
0.642	20.68	2.4
0.612	22.09	2.6
0.582	23.90	2.8
0.552	24.50	3
0.522	24.70	3.2
0.493	24.70	3.4
0.463	25.50	3.6
0.433	25.90	3.8
0.403	25.90	4
0.373	26.10	4.2
0.343	26.31	4.4
0.313	26.51	4.6
0.284	26.51	4.8
0.254	26.71	5
0.224	26.71	5.2
0.194	26.71	5.4
0.164	26.71	5.6
0.134	26.71	5.8
0.104	26.71	6
0.075	26.71	6.2
0.045	26.71	6.4
0.000	26.91	6.7
0.005	26.91	6.8
0.015	26.91	7
0.025	26.91	7.2
0.035	26.91	7.4
0.045	26.91	7.6
0.055	26.91	7.8
0.065	26.91	8
0.075	26.91	8.2
0.085	27.11	8.4
0.095	27.31	8.6
0.104	27.51	8.8
0.114	27.51	9
0.124	27.51	9.2
0.134	27.51	9.4
0.144	27.51	9.6
0.154	27.51	9.8
0.164	28.11	10
0.174	28.31	10.2
0.184	28.31	10.4
0.194	28.92	10.6
0.204	29.32	10.8
0.214	30.32	11
0.224	31.12	11.2
0.234	31.53	11.4
0.244	31.93	11.6
0.254	32.33	11.8
0.264	33.94	12
0.274	36.14	12.2
0.284	37.15	12.4
0.294	37.95	12.6
0.303	38.76	12.8
0.313	40.16	13
0.323	41.16	13.2
0.333	42.77	13.4
0.343	45.38	13.6
0.353	47.39	13.8
0.363	48.59	14
0.373	50.60	14.2
0.383	51.41	14.4
0.393	52.41	14.6
0.403	54.22	14.8
0.413	55.62	15
0.423	57.03	15.2
0.433	57.83	15.4
0.443	59.84	15.6
0.453	60.44	15.8
0.463	61.04	16
0.473	63.25	16.2
0.483	64.06	16.4
0.493	65.46	16.6
0.502	66.67	16.8
0.512	68.27	17
0.522	69.68	17.2
0.532	70.88	17.4
0.542	72.09	17.6
0.552	72.89	17.8
0.562	73.69	18
0.572	74.50	18.2
0.582	75.70	18.4
0.592	76.91	18.6
0.602	77.71	18.8
0.612	79.12	19
0.622	80.72	19.2
0.632	81.73	19.4
0.642	81.93	19.6
0.652	82.33	19.8
0.662	82.93	20
0.672	83.94	20.2
0.682	84.74	20.4
0.692	85.74	20.6
0.701	87.15	20.8
0.711	87.95	21
0.721	89.16	21.2
0.731	89.96	21.4
0.741	90.56	21.6
0.751	91.97	21.8
0.761	92.57	22
0.771	93.37	22.2
0.781	93.78	22.4
0.791	95.58	22.6
0.801	96.79	22.8
0.811	96.99	23
0.821	97.99	23.2
0.831	100.20	23.4
0.841	101.41	23.6
0.851	103.41	23.8
0.861	104.22	24
0.871	106.02	24.2
0.881	108.84	24.4
0.891	109.64	24.6
0.900	111.04	24.8
0.910	112.45	25
0.920	114.66	25.2
0.930	117.07	25.4
0.940	118.88	25.6
0.950	120.28	25.8
0.960	121.29	26
0.970	122.29	26.2
0.980	122.89	26.4
0.990	122.89	26.6
1.000	122.89	26.8
