1.000	0.00	0.0
0.973	0.00	0.2
0.946	1.56	0.4
0.919	3.59	0.6
0.892	4.84	0.8
0.865	6.56	1.0
0.838	10.00	1.2
0.811	11.25	1.4
0.784	14.22	1.6
0.757	16.09	1.8
0.730	19.22	2.0
0.703	20.63	2.2
0.676	23.75	2.4
0.649	26.09	2.6
0.622	28.28	2.8
0.595	30.47	3.0
0.568	32.03	3.2
0.541	33.59	3.4
0.514	35.31	3.6
0.486	36.72	3.8
0.459	38.28	4.0
0.432	38.75	4.2
0.405	39.38	4.4
0.378	39.84	4.6
0.351	40.16	4.8
0.324	40.31	5.0
0.297	40.47	5.2
0.270	40.78	5.4
0.243	41.56	5.6
0.216	41.56	5.8
0.189	41.56	6.0
0.162	41.72	6.2
0.135	42.03	6.4
0.108	42.19	6.6
0.081	42.19	6.8
0.054	42.19	7.0
0.027	42.19	7.2
0.000	42.19	7.4
0.013	42.19	7.5
0.039	42.19	7.7
0.065	42.34	7.9
0.091	42.34	8.1
0.117	42.34	8.3
0.143	42.34	8.5
0.169	42.50	8.7
0.195	42.66	8.9
0.221	42.66	9.1
0.247	42.81	9.3
0.273	42.97	9.5
0.299	42.97	9.7
0.325	42.97	9.9
0.351	43.91	10.1
0.377	44.53	10.3
0.403	45.16	10.5
0.429	45.63	10.7
0.455	46.09	10.9
0.481	46.72	11.1
0.506	47.97	11.3
0.532	49.22	11.5
0.558	50.00	11.7
0.584	51.88	11.9
0.610	53.91	12.1
0.636	55.31	12.3
0.662	58.75	12.5
0.688	60.78	12.7
0.714	63.13	12.9
0.740	65.31	13.1
0.766	67.50	13.3
0.792	70.31	13.5
0.818	72.34	13.7
0.844	74.22	13.9
0.870	76.88	14.1
0.896	78.44	14.3
0.922	81.09	14.5
0.948	82.66	14.7
0.974	83.75	14.9
1.000	83.75	15.1
