1.000	0.00	0.0
0.958	0.00	0.2
0.917	0.52	0.4
0.875	3.11	0.6
0.833	5.18	0.8
0.792	6.99	1.0
0.750	8.29	1.2
0.708	9.33	1.4
0.667	10.36	1.6
0.625	12.69	1.8
0.583	13.47	2.0
0.542	15.80	2.2
0.500	17.88	2.4
0.458	18.91	2.6
0.417	20.21	2.8
0.375	22.02	3.0
0.333	22.80	3.2
0.292	24.35	3.4
0.250	24.87	3.6
0.208	25.13	3.8
0.167	25.13	4.0
0.125	25.13	4.2
0.083	25.13	4.4
0.042	25.13	4.6
0.000	25.13	4.8
0.006	25.13	4.9
0.019	25.13	5.1
0.032	25.13	5.3
0.045	25.13	5.5
0.057	25.39	5.7
0.070	25.39	5.9
0.083	25.39	6.1
0.096	25.39	6.3
0.108	25.39	6.5
0.121	25.39	6.7
0.134	25.65	6.9
0.146	25.65	7.1
0.159	25.65	7.3
0.172	25.65	7.5
0.185	25.65	7.7
0.197	26.17	7.9
0.210	26.42	8.1
0.223	26.42	8.3
0.236	26.68	8.5
0.248	26.94	8.7
0.261	27.46	8.9
0.274	27.72	9.1
0.287	27.98	9.3
0.299	28.76	9.5
0.312	29.79	9.7
0.325	30.31	9.9
0.338	30.83	10.1
0.350	33.16	10.3
0.363	34.46	10.5
0.376	35.49	10.7
0.389	36.79	10.9
0.401	39.64	11.1
0.414	39.64	11.3
0.427	40.67	11.5
0.439	40.93	11.7
0.452	42.49	11.9
0.465	43.26	12.1
0.478	43.52	12.3
0.490	46.11	12.5
0.503	48.19	12.7
0.516	49.74	12.9
0.529	51.30	13.1
0.541	53.37	13.3
0.554	54.66	13.5
0.567	54.92	13.7
0.580	55.44	13.9
0.592	56.48	14.1
0.605	58.55	14.3
0.618	59.59	14.5
0.631	61.66	14.7
0.643	62.69	14.9
0.656	63.47	15.1
0.669	63.47	15.3
0.682	66.06	15.5
0.694	67.62	15.7
0.707	69.43	15.9
0.720	71.24	16.1
0.732	72.02	16.3
0.745	72.28	16.5
0.758	73.06	16.7
0.771	74.61	16.9
0.783	76.17	17.1
0.796	77.46	17.3
0.809	78.50	17.5
0.822	81.61	17.7
0.834	82.90	17.9
0.847	83.68	18.1
0.860	85.75	18.3
0.873	87.31	18.5
0.885	88.60	18.7
0.898	90.93	18.9
0.911	93.26	19.1
0.924	93.78	19.3
0.936	94.82	19.5
0.949	95.85	19.7
0.962	97.67	19.9
0.975	98.45	20.1
0.987	99.22	20.3
1.000	99.22	20.5
