1.000	0.00	0.0
0.964	0.00	0.2
0.929	0.77	0.4
0.893	2.30	0.6
0.857	4.03	0.8
0.821	5.76	1.0
0.786	7.58	1.2
0.750	9.21	1.4
0.714	11.13	1.6
0.679	14.01	1.8
0.643	15.64	2.0
0.607	17.47	2.2
0.571	18.81	2.4
0.536	20.54	2.6
0.500	21.59	2.8
0.464	22.74	3.0
0.429	24.18	3.2
0.393	24.86	3.4
0.357	25.05	3.6
0.321	25.24	3.8
0.286	25.43	4.0
0.250	25.53	4.2
0.214	25.53	4.4
0.179	25.53	4.6
0.143	25.53	4.8
0.107	25.53	5.0
0.071	25.53	5.2
0.036	25.53	5.4
0.000	25.53	5.6
0.029	25.53	5.9
0.049	25.53	6.1
0.068	25.53	6.3
0.087	25.53	6.5
0.107	25.53	6.7
0.126	25.53	6.9
0.146	25.72	7.1
0.165	25.82	7.3
0.184	25.91	7.5
0.204	25.91	7.7
0.223	26.01	7.9
0.243	26.20	8.1
0.262	26.87	8.3
0.282	27.26	8.5
0.301	27.83	8.7
0.320	28.02	8.9
0.340	28.69	9.1
0.359	28.98	9.3
0.379	30.13	9.5
0.398	31.09	9.7
0.417	32.25	9.9
0.437	33.01	10.1
0.456	33.97	10.3
0.476	35.99	10.5
0.495	37.62	10.7
0.515	39.64	10.9
0.534	40.88	11.1
0.553	42.51	11.3
0.573	44.72	11.5
0.592	46.64	11.7
0.612	48.46	11.9
0.631	50.48	12.1
0.650	52.40	12.3
0.670	53.26	12.5
0.689	55.47	12.7
0.709	57.20	12.9
0.728	59.21	13.1
0.748	61.32	13.3
0.767	63.63	13.5
0.786	66.03	13.7
0.806	67.85	13.9
0.825	69.87	14.1
0.845	72.07	14.3
0.864	74.57	14.5
0.883	76.30	14.7
0.903	78.02	14.9
0.922	80.04	15.1
0.942	81.96	15.3
0.961	83.69	15.5
0.981	84.00	15.7
1.000	84.00	15.9
