1.000	0.00	0.0
0.969	0.00	0.2
0.938	1.28	0.4
0.908	2.75	0.6
0.877	5.31	0.8
0.846	7.14	1.0
0.815	8.42	1.2
0.785	8.97	1.4
0.754	10.81	1.6
0.723	13.37	1.8
0.692	16.12	2.0
0.662	18.68	2.2
0.631	20.51	2.4
0.600	24.73	2.6
0.569	27.47	2.8
0.538	28.57	3.0
0.508	31.14	3.2
0.477	32.42	3.4
0.446	34.07	3.6
0.415	35.71	3.8
0.385	36.63	4.0
0.354	38.10	4.2
0.323	39.01	4.4
0.292	39.56	4.6
0.262	39.93	4.8
0.231	40.11	5.0
0.200	40.48	5.2
0.169	40.48	5.4
0.138	40.48	5.6
0.108	40.48	5.8
0.077	40.48	6.0
0.046	40.48	6.2
0.015	40.48	6.4
0.000	40.48	6.5
0.025	40.48	6.7
0.050	40.48	6.9
0.075	40.48	7.1
0.100	40.66	7.3
0.125	40.66	7.5
0.150	40.66	7.7
0.175	40.66	7.9
0.200	40.66	8.1
0.225	40.66	8.3
0.250	41.21	8.5
0.275	41.58	8.7
0.300	41.76	8.9
0.325	41.76	9.1
0.350	41.94	9.3
0.375	42.31	9.5
0.400	42.49	9.7
0.425	42.86	9.9
0.450	43.22	10.1
0.475	43.77	10.3
0.500	45.05	10.5
0.525	46.70	10.7
0.550	48.53	10.9
0.575	49.27	11.1
0.600	51.28	11.3
0.625	52.93	11.5
0.650	57.33	11.7
0.675	58.42	11.9
0.700	61.17	12.1
0.725	62.45	12.3
0.750	65.02	12.5
0.775	66.48	12.7
0.800	68.68	12.9
0.825	71.61	13.1
0.850	74.36	13.3
0.875	76.19	13.5
0.900	79.12	13.7
0.925	82.97	13.9
0.950	85.35	14.1
0.975	85.90	14.3
1.000	85.90	14.5
