1.000	0.00	0.0
0.946	0.00	0.2
0.892	1.17	0.4
0.838	3.31	0.6
0.784	4.09	0.8
0.730	5.84	1.0
0.676	7.59	1.2
0.622	10.51	1.4
0.568	13.42	1.6
0.514	14.59	1.8
0.459	15.18	2.0
0.405	15.56	2.2
0.351	15.56	2.4
0.297	15.56	2.6
0.243	15.56	2.8
0.189	15.56	3.0
0.135	15.56	3.2
0.081	15.56	3.4
0.027	15.56	3.6
0.000	15.56	3.7
0.008	15.56	3.8
0.024	15.56	4.0
0.039	15.56	4.2
0.055	15.56	4.4
0.071	15.56	4.6
0.087	15.56	4.8
0.102	15.76	5.0
0.118	15.76	5.2
0.134	16.15	5.4
0.150	16.15	5.6
0.165	16.34	5.8
0.181	16.93	6.0
0.197	17.12	6.2
0.213	18.09	6.4
0.228	18.87	6.6
0.244	20.23	6.8
0.260	20.82	7.0
0.276	22.96	7.2
0.291	25.49	7.4
0.307	26.07	7.6
0.323	26.85	7.8
0.339	27.04	8.0
0.354	29.57	8.2
0.370	31.13	8.4
0.386	32.88	8.6
0.402	35.02	8.8
0.417	36.58	9.0
0.433	39.11	9.2
0.449	40.47	9.4
0.465	42.41	9.6
0.480	43.58	9.8
0.496	43.97	10.0
0.512	45.14	10.2
0.528	46.30	10.4
0.543	47.86	10.6
0.559	48.25	10.8
0.575	49.22	11.0
0.591	51.95	11.2
0.606	53.31	11.4
0.622	54.47	11.6
0.638	55.06	11.8
0.654	57.78	12.0
0.669	58.95	12.2
0.685	60.70	12.4
0.701	61.87	12.6
0.717	62.65	12.8
0.732	64.01	13.0
0.748	64.79	13.2
0.764	66.93	13.4
0.780	67.70	13.6
0.795	69.84	13.8
0.811	71.60	14.0
0.827	73.35	14.2
0.843	75.29	14.4
0.858	76.26	14.6
0.874	78.02	14.8
0.890	79.57	15.0
0.906	81.13	15.2
0.921	82.88	15.4
0.937	84.24	15.6
0.953	85.02	15.8
0.969	85.41	16.0
0.984	85.80	16.2
1.000	85.80	16.4
