1.000	0.00	0.0
0.967	0.00	0.2
0.933	0.00	0.4
0.900	0.00	0.6
0.867	0.00	0.8
0.833	0.00	1.0
0.800	0.00	1.2
0.767	0.00	1.4
0.733	0.00	1.6
0.700	0.00	1.8
0.667	0.00	2.0
0.633	0.00	2.2
0.600	0.00	2.4
0.567	0.00	2.6
0.533	0.00	2.8
0.500	0.00	3.0
0.467	0.00	3.2
0.433	0.00	3.4
0.400	0.00	3.6
0.367	0.00	3.8
0.333	0.00	4.0
0.300	0.00	4.2
0.267	0.00	4.4
0.233	0.00	4.6
0.200	0.00	4.8
0.167	0.00	5.0
0.133	0.00	5.2
0.100	0.00	5.4
0.067	0.00	5.6
0.033	0.00	5.8
0.000	0.00	6.0
0.016	0.00	6.3
0.026	0.00	6.5
0.037	0.00	6.7
0.048	0.00	6.9
0.058	0.00	7.1
0.069	0.11	7.3
0.079	0.22	7.5
0.090	0.33	7.7
0.101	0.44	7.9
0.111	0.44	8.1
0.122	0.55	8.3
0.132	0.88	8.5
0.143	1.32	8.7
0.153	1.66	8.9
0.164	2.43	9.1
0.175	3.20	9.3
0.185	4.42	9.5
0.196	4.97	9.7
0.206	5.96	9.9
0.217	7.51	10.1
0.228	8.39	10.3
0.238	9.71	10.5
0.249	11.04	10.7
0.259	12.25	10.9
0.270	13.58	11.1
0.280	14.79	11.3
0.291	16.45	11.5
0.302	17.88	11.7
0.312	19.32	11.9
0.323	20.09	12.1
0.333	21.30	12.3
0.344	22.96	12.5
0.354	24.06	12.7
0.365	25.06	12.9
0.376	26.82	13.1
0.386	27.48	13.3
0.397	28.70	13.5
0.407	29.91	13.7
0.418	31.46	13.9
0.429	32.45	14.1
0.439	33.11	14.3
0.450	35.43	14.5
0.460	37.09	14.7
0.471	37.97	14.9
0.481	39.74	15.1
0.492	40.84	15.3
0.503	42.60	15.5
0.513	44.48	15.7
0.524	45.58	15.9
0.534	46.47	16.1
0.545	48.57	16.3
0.556	49.78	16.5
0.566	51.10	16.7
0.577	52.65	16.9
0.587	54.42	17.1
0.598	55.41	17.3
0.608	56.51	17.5
0.619	57.40	17.7
0.630	59.60	17.9
0.640	60.38	18.1
0.651	62.03	18.3
0.661	63.02	18.5
0.672	64.90	18.7
0.683	66.00	18.9
0.693	66.67	19.1
0.704	67.99	19.3
0.714	70.09	19.5
0.725	70.75	19.7
0.735	71.30	19.9
0.746	72.30	20.1
0.757	73.29	20.3
0.767	74.06	20.5
0.778	75.17	20.7
0.788	76.49	20.9
0.799	78.81	21.1
0.810	80.68	21.3
0.820	82.34	21.5
0.831	84.55	21.7
0.841	85.32	21.9
0.852	86.20	22.1
0.862	87.53	22.3
0.873	88.52	22.5
0.884	91.06	22.7
0.894	91.50	22.9
0.905	93.16	23.1
0.915	94.59	23.3
0.926	97.68	23.5
0.937	98.68	23.7
0.947	99.45	23.9
0.958	100.77	24.1
0.968	102.76	24.3
0.979	103.86	24.5
0.989	103.86	24.7
1.000	103.86	24.9
