1.000	0.00	0.0
0.958	0.24	0.2
0.917	1.42	0.4
0.875	2.36	0.6
0.833	3.77	0.8
0.792	7.31	1.0
0.750	10.38	1.2
0.708	12.26	1.4
0.667	15.33	1.6
0.625	17.69	1.8
0.583	18.63	2.0
0.542	20.99	2.2
0.500	22.41	2.4
0.458	22.88	2.6
0.417	23.82	2.8
0.375	24.06	3.0
0.333	24.53	3.2
0.292	24.76	3.4
0.250	24.76	3.6
0.208	24.76	3.8
0.167	25.00	4.0
0.125	25.00	4.2
0.083	25.00	4.4
0.042	25.00	4.6
0.000	25.24	4.8
0.010	25.24	4.9
0.030	25.24	5.1
0.050	25.24	5.3
0.069	25.24	5.5
0.089	25.24	5.7
0.109	25.24	5.9
0.129	25.24	6.1
0.149	25.24	6.3
0.168	25.24	6.5
0.188	25.24	6.7
0.208	25.24	6.9
0.228	25.47	7.1
0.248	25.47	7.3
0.267	25.94	7.5
0.287	26.18	7.7
0.307	26.65	7.9
0.327	27.83	8.1
0.347	29.25	8.3
0.366	30.19	8.5
0.386	30.42	8.7
0.406	32.08	8.9
0.426	33.25	9.1
0.446	34.20	9.3
0.465	34.91	9.5
0.485	36.56	9.7
0.505	37.74	9.9
0.525	38.44	10.1
0.545	40.57	10.3
0.564	41.27	10.5
0.584	43.16	10.7
0.604	45.28	10.9
0.624	47.17	11.1
0.644	49.76	11.3
0.663	52.12	11.5
0.683	54.95	11.7
0.703	57.55	11.9
0.723	58.96	12.1
0.743	61.08	12.3
0.762	62.97	12.5
0.782	65.09	12.7
0.802	66.04	12.9
0.822	69.58	13.1
0.842	72.17	13.3
0.861	74.76	13.5
0.881	77.59	13.7
0.901	78.54	13.9
0.921	79.72	14.1
0.941	82.31	14.3
0.960	83.49	14.5
0.980	83.49	14.7
1.000	83.49	14.9
