1.000	0.00	0.0
0.959	0.00	0.2
0.918	0.54	0.4
0.878	1.61	0.6
0.837	3.76	0.8
0.796	5.11	1.0
0.755	6.99	1.2
0.714	8.06	1.4
0.673	9.68	1.6
0.633	11.29	1.8
0.592	12.37	2.0
0.551	14.25	2.2
0.510	15.05	2.4
0.469	16.40	2.6
0.429	17.47	2.8
0.388	18.01	3.0
0.347	18.28	3.2
0.306	18.55	3.4
0.265	18.55	3.6
0.224	18.55	3.8
0.184	18.55	4.0
0.143	18.55	4.2
0.102	18.55	4.4
0.061	18.55	4.6
0.020	18.55	4.8
0.000	18.55	4.9
0.009	18.55	5.0
0.026	18.55	5.2
0.043	18.55	5.4
0.060	18.55	5.6
0.077	18.55	5.8
0.094	18.55	6.0
0.111	18.82	6.2
0.128	18.82	6.4
0.145	18.82	6.6
0.162	19.09	6.8
0.179	19.35	7.0
0.197	19.35	7.2
0.214	19.89	7.4
0.231	19.89	7.6
0.248	19.89	7.8
0.265	20.16	8.0
0.282	20.43	8.2
0.299	20.70	8.4
0.316	21.51	8.6
0.333	22.04	8.8
0.350	22.58	9.0
0.368	23.39	9.2
0.385	24.46	9.4
0.402	25.54	9.6
0.419	26.08	9.8
0.436	28.49	10.0
0.453	30.91	10.2
0.470	32.26	10.4
0.487	33.33	10.6
0.504	36.29	10.8
0.521	38.44	11.0
0.538	39.25	11.2
0.556	41.94	11.4
0.573	43.55	11.6
0.590	44.35	11.8
0.607	45.70	12.0
0.624	47.04	12.2
0.641	48.39	12.4
0.658	49.73	12.6
0.675	52.69	12.8
0.692	54.30	13.0
0.709	56.18	13.2
0.726	57.80	13.4
0.744	59.68	13.6
0.761	61.83	13.8
0.778	62.90	14.0
0.795	65.59	14.2
0.812	68.01	14.4
0.829	69.89	14.6
0.846	72.04	14.8
0.863	73.92	15.0
0.880	76.34	15.2
0.897	76.61	15.4
0.915	79.30	15.6
0.932	81.99	15.8
0.949	82.26	16.0
0.966	83.33	16.2
0.983	83.87	16.4
1.000	83.87	16.6
