1.000	0.00	0.0
0.961	0.00	0.2
0.922	0.45	0.4
0.882	2.04	0.6
0.843	4.07	0.8
0.804	5.43	1.0
0.765	7.47	1.2
0.725	9.73	1.4
0.686	11.54	1.6
0.647	13.80	1.8
0.608	15.16	2.0
0.569	17.65	2.2
0.529	19.68	2.4
0.490	21.27	2.6
0.451	23.08	2.8
0.412	24.43	3.0
0.373	25.11	3.2
0.333	25.79	3.4
0.294	26.02	3.6
0.255	26.24	3.8
0.216	26.47	4.0
0.176	26.47	4.2
0.137	26.47	4.4
0.098	26.47	4.6
0.059	26.47	4.8
0.020	26.47	5.0
0.000	26.47	5.1
0.015	26.47	5.3
0.030	26.47	5.5
0.045	26.47	5.7
0.061	26.47	5.9
0.076	26.47	6.1
0.091	26.47	6.3
0.106	26.47	6.5
0.121	26.47	6.7
0.136	26.47	6.9
0.152	26.47	7.1
0.167	26.47	7.3
0.182	26.92	7.5
0.197	26.92	7.7
0.212	27.38	7.9
0.227	27.60	8.1
0.242	28.05	8.3
0.258	28.28	8.5
0.273	28.28	8.7
0.288	29.41	8.9
0.303	29.64	9.1
0.318	30.09	9.3
0.333	31.22	9.5
0.348	31.67	9.7
0.364	33.03	9.9
0.379	33.48	10.1
0.394	35.07	10.3
0.409	35.75	10.5
0.424	38.01	10.7
0.439	38.69	10.9
0.455	39.82	11.1
0.470	40.27	11.3
0.485	42.99	11.5
0.500	46.38	11.7
0.515	48.19	11.9
0.530	49.10	12.1
0.545	50.68	12.3
0.561	52.49	12.5
0.576	53.17	12.7
0.591	54.98	12.9
0.606	56.11	13.1
0.621	58.37	13.3
0.636	59.28	13.5
0.652	61.54	13.7
0.667	62.90	13.9
0.682	64.48	14.1
0.697	65.84	14.3
0.712	67.19	14.5
0.727	68.10	14.7
0.742	69.46	14.9
0.758	69.91	15.1
0.773	72.40	15.3
0.788	72.85	15.5
0.803	75.57	15.7
0.818	76.70	15.9
0.833	78.96	16.1
0.848	79.86	16.3
0.864	81.90	16.5
0.879	82.58	16.7
0.894	84.39	16.9
0.909	85.29	17.1
0.924	87.33	17.3
0.939	89.14	17.5
0.955	91.40	17.7
0.970	92.31	17.9
0.985	93.21	18.1
1.000	93.21	18.3
