1.000	0.00	0.0
0.971	0.15	0.2
0.941	0.61	0.4
0.912	2.42	0.6
0.882	4.55	0.8
0.853	5.76	1.0
0.824	8.03	1.2
0.794	9.85	1.4
0.765	11.52	1.6
0.735	13.64	1.8
0.706	16.21	2.0
0.676	20.15	2.2
0.647	23.48	2.4
0.618	24.70	2.6
0.588	26.52	2.8
0.559	29.09	3.0
0.529	31.21	3.2
0.500	33.33	3.4
0.471	33.94	3.6
0.441	35.15	3.8
0.412	35.91	4.0
0.382	37.12	4.2
0.353	38.64	4.4
0.324	38.94	4.6
0.294	39.24	4.8
0.265	39.39	5.0
0.235	39.70	5.2
0.206	40.00	5.4
0.176	40.00	5.6
0.147	40.00	5.8
0.118	40.00	6.0
0.088	40.00	6.2
0.059	40.00	6.4
0.029	40.00	6.6
0.000	40.00	6.8
0.014	40.00	6.9
0.041	40.00	7.1
0.068	40.00	7.3
0.096	40.00	7.5
0.123	40.15	7.7
0.151	40.30	7.9
0.178	40.30	8.1
0.205	40.61	8.3
0.233	40.61	8.5
0.260	40.91	8.7
0.288	41.36	8.9
0.315	41.97	9.1
0.342	42.12	9.3
0.370	42.73	9.5
0.397	43.79	9.7
0.425	44.70	9.9
0.452	45.91	10.1
0.479	47.27	10.3
0.507	48.33	10.5
0.534	50.00	10.7
0.562	51.67	10.9
0.589	52.58	11.1
0.616	55.30	11.3
0.644	57.27	11.5
0.671	59.70	11.7
0.699	60.91	11.9
0.726	63.64	12.1
0.753	66.52	12.3
0.781	67.73	12.5
0.808	69.24	12.7
0.836	73.33	12.9
0.863	74.70	13.1
0.890	76.97	13.3
0.918	78.48	13.5
0.945	80.00	13.7
0.973	80.76	13.9
1.000	80.76	14.1
